 v-sweep       d0            d1            d2            d3            d4            d5            d6            d7            d8            d9            in            load          v-sweep       vmeas#branch  vmeas1#branch vmeas2#branch vmeas4#branch vmeas5#branch vout          ndata        
 0.000000e+00  0.000000e+00  0.000000e+00  0.000000e+00  0.000000e+00  0.000000e+00  0.000000e+00  0.000000e+00  0.000000e+00  0.000000e+00  0.000000e+00  0.000000e+00  3.387315e-04  0.000000e+00  3.997344e-07  9.996175e-07  9.062186e-10  1.590833e-05  1.058570e-08  4.445886e-04  0.000000e+00 
 0.000000e+00  1.800000e+00  0.000000e+00  0.000000e+00  0.000000e+00  0.000000e+00  0.000000e+00  0.000000e+00  0.000000e+00  0.000000e+00  0.000000e+00  0.000000e+00  5.250119e-02  0.000000e+00  3.997344e-07  9.996175e-07  3.261680e-09  1.600995e-05 -1.049704e-11  5.250108e-02  1.000000e+00 
 0.000000e+00  0.000000e+00  1.800000e+00  0.000000e+00  0.000000e+00  0.000000e+00  0.000000e+00  0.000000e+00  0.000000e+00  0.000000e+00  0.000000e+00  0.000000e+00  9.853414e-02  0.000000e+00  3.997344e-07  9.996175e-07  3.267421e-09  1.602803e-05  8.208243e-11  9.853496e-02  2.000000e+00 
 0.000000e+00  1.800000e+00  1.800000e+00  0.000000e+00  0.000000e+00  0.000000e+00  0.000000e+00  0.000000e+00  0.000000e+00  0.000000e+00  0.000000e+00  0.000000e+00  1.392529e-01  0.000000e+00  3.997344e-07  9.996175e-07  3.223006e-09  1.603628e-05  3.334774e-11  1.392532e-01  3.000000e+00 
 0.000000e+00  0.000000e+00  0.000000e+00  1.800000e+00  0.000000e+00  0.000000e+00  0.000000e+00  0.000000e+00  0.000000e+00  0.000000e+00  0.000000e+00  0.000000e+00  1.762208e-01  0.000000e+00  3.997344e-07  9.996175e-07  5.570616e-09  1.604515e-05  8.134887e-12  1.762208e-01  4.000000e+00 
 0.000000e+00  1.800000e+00  0.000000e+00  1.800000e+00  0.000000e+00  0.000000e+00  0.000000e+00  0.000000e+00  0.000000e+00  0.000000e+00  0.000000e+00  0.000000e+00  2.105842e-01  0.000000e+00  3.997351e-07  9.996169e-07 -4.854811e-10  1.633398e-05  2.811259e-10  2.105870e-01  5.000000e+00 
 0.000000e+00  0.000000e+00  1.800000e+00  1.800000e+00  0.000000e+00  0.000000e+00  0.000000e+00  0.000000e+00  0.000000e+00  0.000000e+00  0.000000e+00  0.000000e+00  2.422391e-01  0.000000e+00  3.997344e-07  9.996175e-07  3.251019e-09  1.603248e-05 -2.047118e-11  2.422389e-01  6.000000e+00 
 0.000000e+00  1.800000e+00  1.800000e+00  1.800000e+00  0.000000e+00  0.000000e+00  0.000000e+00  0.000000e+00  0.000000e+00  0.000000e+00  0.000000e+00  0.000000e+00  2.718106e-01  0.000000e+00  3.997344e-07  9.996175e-07  2.910224e-09  1.605659e-05  1.646890e-11  2.718107e-01  7.000000e+00 
 0.000000e+00  0.000000e+00  0.000000e+00  0.000000e+00  1.800000e+00  0.000000e+00  0.000000e+00  0.000000e+00  0.000000e+00  0.000000e+00  0.000000e+00  0.000000e+00  2.997172e-01  0.000000e+00  3.997344e-07  9.996175e-07  3.264313e-09  1.603602e-05  3.618397e-11  2.997175e-01  8.000000e+00 
 0.000000e+00  1.800000e+00  0.000000e+00  0.000000e+00  1.800000e+00  0.000000e+00  0.000000e+00  0.000000e+00  0.000000e+00  0.000000e+00  0.000000e+00  0.000000e+00  3.260816e-01  0.000000e+00  3.997344e-07  9.996175e-07  2.860744e-09  1.601971e-05 -1.028122e-11  3.260815e-01  9.000000e+00 
 0.000000e+00  0.000000e+00  1.800000e+00  0.000000e+00  1.800000e+00  0.000000e+00  0.000000e+00  0.000000e+00  0.000000e+00  0.000000e+00  0.000000e+00  0.000000e+00  3.507568e-01  0.000000e+00  3.997344e-07  9.996175e-07  3.251182e-09  1.603483e-05  1.126039e-11  3.507569e-01  1.000000e+01 
 0.000000e+00  1.800000e+00  1.800000e+00  0.000000e+00  1.800000e+00  0.000000e+00  0.000000e+00  0.000000e+00  0.000000e+00  0.000000e+00  0.000000e+00  0.000000e+00  3.743903e-01  0.000000e+00  3.997344e-07  9.996175e-07  3.239112e-09  1.606054e-05  1.061920e-10  3.743914e-01  1.100000e+01 
 0.000000e+00  0.000000e+00  0.000000e+00  1.800000e+00  1.800000e+00  0.000000e+00  0.000000e+00  0.000000e+00  0.000000e+00  0.000000e+00  0.000000e+00  0.000000e+00  3.969818e-01  0.000000e+00  3.997344e-07  9.996175e-07  3.250955e-09  1.604173e-05 -2.674394e-11  3.969815e-01  1.200000e+01 
 0.000000e+00  1.800000e+00  0.000000e+00  1.800000e+00  1.800000e+00  0.000000e+00  0.000000e+00  0.000000e+00  0.000000e+00  0.000000e+00  0.000000e+00  0.000000e+00  4.185317e-01  0.000000e+00  3.997344e-07  9.996175e-07  3.234905e-09  1.604541e-05  1.686339e-11  4.185319e-01  1.300000e+01 
 0.000000e+00  0.000000e+00  1.800000e+00  1.800000e+00  1.800000e+00  0.000000e+00  0.000000e+00  0.000000e+00  0.000000e+00  0.000000e+00  0.000000e+00  0.000000e+00  4.395607e-01  0.000000e+00  3.997344e-07  9.996175e-07  2.889104e-09  1.600020e-05 -7.467807e-11  4.395600e-01  1.400000e+01 
 0.000000e+00  1.800000e+00  1.800000e+00  1.800000e+00  1.800000e+00  0.000000e+00  0.000000e+00  0.000000e+00  0.000000e+00  0.000000e+00  0.000000e+00  0.000000e+00  4.594445e-01  0.000000e+00  3.997343e-07  9.996175e-07  3.561404e-09  1.604374e-05 -1.610571e-10  4.594429e-01  1.500000e+01 
 0.000000e+00  0.000000e+00  0.000000e+00  0.000000e+00  0.000000e+00  1.800000e+00  0.000000e+00  0.000000e+00  0.000000e+00  0.000000e+00  0.000000e+00  0.000000e+00  4.788132e-01  0.000000e+00  3.997344e-07  9.996175e-07  3.279561e-09  1.606789e-05 -3.375008e-11  4.788128e-01  1.600000e+01 
 0.000000e+00  1.800000e+00  0.000000e+00  0.000000e+00  0.000000e+00  1.800000e+00  0.000000e+00  0.000000e+00  0.000000e+00  0.000000e+00  0.000000e+00  0.000000e+00  4.971455e-01  0.000000e+00  3.997344e-07  9.996175e-07  3.266395e-09  1.608576e-05 -2.977900e-11  4.971452e-01  1.700000e+01 
 0.000000e+00  0.000000e+00  1.800000e+00  0.000000e+00  0.000000e+00  1.800000e+00  0.000000e+00  0.000000e+00  0.000000e+00  0.000000e+00  0.000000e+00  0.000000e+00  5.154661e-01  0.000000e+00  3.997344e-07  9.996175e-07  3.264827e-09  1.609404e-05 -2.231989e-11  5.154659e-01  1.800000e+01 
 0.000000e+00  1.800000e+00  1.800000e+00  0.000000e+00  0.000000e+00  1.800000e+00  0.000000e+00  0.000000e+00  0.000000e+00  0.000000e+00  0.000000e+00  0.000000e+00  5.327444e-01  0.000000e+00  3.997343e-07  9.996175e-07  2.827782e-09  1.604837e-05  1.913516e-10  5.327463e-01  1.900000e+01 
 0.000000e+00  0.000000e+00  0.000000e+00  1.800000e+00  0.000000e+00  1.800000e+00  0.000000e+00  0.000000e+00  0.000000e+00  0.000000e+00  0.000000e+00  0.000000e+00  5.500233e-01  0.000000e+00  3.997344e-07  9.996175e-07  3.265428e-09  1.613201e-05  4.692523e-11  5.500237e-01  2.000000e+01 
 0.000000e+00  1.800000e+00  0.000000e+00  1.800000e+00  0.000000e+00  1.800000e+00  0.000000e+00  0.000000e+00  0.000000e+00  0.000000e+00  0.000000e+00  0.000000e+00  5.661559e-01  0.000000e+00  3.997344e-07  9.996175e-07  3.239011e-09  1.612619e-05 -5.280900e-11  5.661554e-01  2.100000e+01 
 0.000000e+00  0.000000e+00  1.800000e+00  1.800000e+00  0.000000e+00  1.800000e+00  0.000000e+00  0.000000e+00  0.000000e+00  0.000000e+00  0.000000e+00  0.000000e+00  5.822894e-01  0.000000e+00  3.997344e-07  9.996175e-07  3.249922e-09  1.618900e-05 -3.962246e-12  5.822894e-01  2.200000e+01 
 0.000000e+00  1.800000e+00  1.800000e+00  1.800000e+00  0.000000e+00  1.800000e+00  0.000000e+00  0.000000e+00  0.000000e+00  0.000000e+00  0.000000e+00  0.000000e+00  5.979018e-01  0.000000e+00  3.997344e-07  9.996175e-07  3.234349e-09  1.622273e-05 -5.562515e-12  5.979017e-01  2.300000e+01 
 0.000000e+00  0.000000e+00  0.000000e+00  0.000000e+00  1.800000e+00  1.800000e+00  0.000000e+00  0.000000e+00  0.000000e+00  0.000000e+00  0.000000e+00  0.000000e+00  6.135165e-01  0.000000e+00  3.997664e-07  9.996983e-07 -3.177919e-06 -8.770563e-05  6.247394e-09  6.135789e-01  2.400000e+01 
 0.000000e+00  1.800000e+00  0.000000e+00  0.000000e+00  1.800000e+00  1.800000e+00  0.000000e+00  0.000000e+00  0.000000e+00  0.000000e+00  0.000000e+00  0.000000e+00  6.281101e-01  0.000000e+00  3.997344e-07  9.996175e-07  3.279489e-09  1.630456e-05  6.163094e-11  6.281107e-01  2.500000e+01 
 0.000000e+00  0.000000e+00  1.800000e+00  0.000000e+00  1.800000e+00  1.800000e+00  0.000000e+00  0.000000e+00  0.000000e+00  0.000000e+00  0.000000e+00  0.000000e+00  6.426816e-01  0.000000e+00  3.997344e-07  9.996175e-07  3.249949e-09  1.633775e-05 -1.134519e-11  6.426815e-01  2.600000e+01 
 0.000000e+00  1.800000e+00  1.800000e+00  0.000000e+00  1.800000e+00  1.800000e+00  0.000000e+00  0.000000e+00  0.000000e+00  0.000000e+00  0.000000e+00  0.000000e+00  6.567333e-01  0.000000e+00  3.997343e-07  9.996175e-07  3.235079e-09  1.638458e-05  1.984695e-11  6.567335e-01  2.700000e+01 
 0.000000e+00  0.000000e+00  0.000000e+00  1.800000e+00  1.800000e+00  1.800000e+00  0.000000e+00  0.000000e+00  0.000000e+00  0.000000e+00  0.000000e+00  0.000000e+00  6.707844e-01  0.000000e+00  3.997343e-07  9.996174e-07  3.608258e-09  1.646998e-05  2.786239e-10  6.707872e-01  2.800000e+01 
 0.000000e+00  1.800000e+00  0.000000e+00  1.800000e+00  1.800000e+00  1.800000e+00  0.000000e+00  0.000000e+00  0.000000e+00  0.000000e+00  0.000000e+00  0.000000e+00  6.843157e-01  0.000000e+00  3.997344e-07  9.996175e-07  3.220538e-09  1.643566e-05 -9.635394e-11  6.843148e-01  2.900000e+01 
 0.000000e+00  0.000000e+00  1.800000e+00  1.800000e+00  1.800000e+00  1.800000e+00  0.000000e+00  0.000000e+00  0.000000e+00  0.000000e+00  0.000000e+00  0.000000e+00  6.978464e-01  0.000000e+00  3.997343e-07  9.996175e-07  3.242640e-09  1.654118e-05 -1.388910e-11  6.978463e-01  3.000000e+01 
 0.000000e+00  1.800000e+00  1.800000e+00  1.800000e+00  1.800000e+00  1.800000e+00  0.000000e+00  0.000000e+00  0.000000e+00  0.000000e+00  0.000000e+00  0.000000e+00  7.108572e-01  0.000000e+00  3.997036e-07  9.995367e-07  2.961749e-06  1.199784e-04 -5.417920e-09  7.108031e-01  3.100000e+01 
 0.000000e+00  0.000000e+00  0.000000e+00  0.000000e+00  0.000000e+00  0.000000e+00  1.800000e+00  0.000000e+00  0.000000e+00  0.000000e+00  0.000000e+00  0.000000e+00  7.238743e-01  0.000000e+00  3.997663e-07  9.996978e-07 -3.247152e-06 -8.677408e-05  5.945832e-09  7.239338e-01  3.200000e+01 
 0.000000e+00  1.800000e+00  0.000000e+00  0.000000e+00  0.000000e+00  0.000000e+00  1.800000e+00  0.000000e+00  0.000000e+00  0.000000e+00  0.000000e+00  0.000000e+00  7.363747e-01  0.000000e+00  3.997343e-07  9.996175e-07  3.220761e-09  1.665181e-05  6.871459e-11  7.363754e-01  3.300000e+01 
 0.000000e+00  0.000000e+00  1.800000e+00  0.000000e+00  0.000000e+00  0.000000e+00  1.800000e+00  0.000000e+00  0.000000e+00  0.000000e+00  0.000000e+00  0.000000e+00  7.488638e-01  0.000000e+00  3.997348e-07  9.996182e-07  7.548153e-09  1.666246e-05  1.813978e-10  7.488656e-01  3.400000e+01 
 0.000000e+00  1.800000e+00  1.800000e+00  0.000000e+00  0.000000e+00  0.000000e+00  1.800000e+00  0.000000e+00  0.000000e+00  0.000000e+00  0.000000e+00  0.000000e+00  7.613530e-01  0.000000e+00  3.997343e-07  9.996175e-07  2.874221e-09  1.666169e-05  6.817341e-11  7.613536e-01  3.500000e+01 
 0.000000e+00  0.000000e+00  0.000000e+00  1.800000e+00  0.000000e+00  0.000000e+00  1.800000e+00  0.000000e+00  0.000000e+00  0.000000e+00  0.000000e+00  0.000000e+00  7.732160e-01  0.000000e+00  3.997343e-07  9.996175e-07  2.902294e-09  1.663879e-05 -2.766637e-11  7.732157e-01  3.600000e+01 
 0.000000e+00  1.800000e+00  0.000000e+00  1.800000e+00  0.000000e+00  0.000000e+00  1.800000e+00  0.000000e+00  0.000000e+00  0.000000e+00  0.000000e+00  0.000000e+00  7.845582e-01  0.000000e+00  3.997343e-07  9.996175e-07  2.807423e-09  1.664646e-05  2.398775e-11  7.845584e-01  3.700000e+01 
 0.000000e+00  0.000000e+00  1.800000e+00  1.800000e+00  0.000000e+00  0.000000e+00  1.800000e+00  0.000000e+00  0.000000e+00  0.000000e+00  0.000000e+00  0.000000e+00  7.964211e-01  0.000000e+00  3.997343e-07  9.996175e-07  3.276716e-09  1.672026e-05  1.490465e-11  7.964213e-01  3.800000e+01 
 0.000000e+00  1.800000e+00  1.800000e+00  1.800000e+00  0.000000e+00  0.000000e+00  1.800000e+00  0.000000e+00  0.000000e+00  0.000000e+00  0.000000e+00  0.000000e+00  8.077632e-01  0.000000e+00  3.997343e-07  9.996175e-07  3.212193e-09  1.673509e-05 -9.224263e-12  8.077631e-01  3.900000e+01 
 0.000000e+00  0.000000e+00  0.000000e+00  0.000000e+00  1.800000e+00  0.000000e+00  1.800000e+00  0.000000e+00  0.000000e+00  0.000000e+00  0.000000e+00  0.000000e+00  8.185856e-01  0.000000e+00  3.997343e-07  9.996175e-07  3.251872e-09  1.674481e-05  2.933193e-11  8.185859e-01  4.000000e+01 
 0.000000e+00  1.800000e+00  0.000000e+00  0.000000e+00  1.800000e+00  0.000000e+00  1.800000e+00  0.000000e+00  0.000000e+00  0.000000e+00  0.000000e+00  0.000000e+00  8.299490e-01  0.000000e+00  3.997343e-07  9.996175e-07  3.563593e-09  1.681313e-05  1.615120e-11  8.299492e-01  4.100000e+01 
 0.000000e+00  0.000000e+00  1.800000e+00  0.000000e+00  1.800000e+00  0.000000e+00  1.800000e+00  0.000000e+00  0.000000e+00  0.000000e+00  0.000000e+00  0.000000e+00  8.407699e-01  0.000000e+00  3.997343e-07  9.996175e-07  2.948471e-09  1.669465e-05 -8.241402e-12  8.407698e-01  4.200000e+01 
 0.000000e+00  1.800000e+00  1.800000e+00  0.000000e+00  1.800000e+00  0.000000e+00  1.800000e+00  0.000000e+00  0.000000e+00  0.000000e+00  0.000000e+00  0.000000e+00  8.510702e-01  0.000000e+00  3.996997e-07  9.995364e-07  3.097628e-06  1.234724e-04 -6.369029e-09  8.510065e-01  4.300000e+01 
 0.000000e+00  0.000000e+00  0.000000e+00  1.800000e+00  1.800000e+00  0.000000e+00  1.800000e+00  0.000000e+00  0.000000e+00  0.000000e+00  0.000000e+00  0.000000e+00  8.618907e-01  0.000000e+00  3.997657e-07  9.996987e-07 -3.108089e-06 -8.655409e-05  6.122792e-09  8.619519e-01  4.400000e+01 
 0.000000e+00  1.800000e+00  0.000000e+00  1.800000e+00  1.800000e+00  0.000000e+00  1.800000e+00  0.000000e+00  0.000000e+00  0.000000e+00  0.000000e+00  0.000000e+00  8.721914e-01  0.000000e+00  3.997685e-07  9.997027e-07 -3.106145e-06 -8.324020e-05  6.053261e-09  8.722520e-01  4.500000e+01 
 0.000000e+00  0.000000e+00  1.800000e+00  1.800000e+00  1.800000e+00  0.000000e+00  1.800000e+00  0.000000e+00  0.000000e+00  0.000000e+00  0.000000e+00  0.000000e+00  8.824918e-01  0.000000e+00  3.997343e-07  9.996175e-07  3.239056e-09  1.680391e-05  2.181366e-11  8.824920e-01  4.600000e+01 
 0.000000e+00  1.800000e+00  1.800000e+00  1.800000e+00  1.800000e+00  0.000000e+00  1.800000e+00  0.000000e+00  0.000000e+00  0.000000e+00  0.000000e+00  0.000000e+00  8.927925e-01  0.000000e+00  3.997343e-07  9.996174e-07  2.952471e-09  1.671912e-05 -1.829099e-11  8.927923e-01  4.700000e+01 
 0.000000e+00  0.000000e+00  0.000000e+00  0.000000e+00  0.000000e+00  1.800000e+00  1.800000e+00  0.000000e+00  0.000000e+00  0.000000e+00  0.000000e+00  0.000000e+00  9.025811e-01  0.000000e+00  3.997343e-07  9.996175e-07  3.001430e-09  1.672312e-05 -9.952722e-12  9.025810e-01  4.800000e+01 
 0.000000e+00  1.800000e+00  0.000000e+00  0.000000e+00  0.000000e+00  1.800000e+00  1.800000e+00  0.000000e+00  0.000000e+00  0.000000e+00  0.000000e+00  0.000000e+00  9.128925e-01  0.000000e+00  3.997343e-07  9.996162e-07  2.538252e-08  1.603242e-05  4.390731e-11  9.128929e-01  4.900000e+01 
 0.000000e+00  0.000000e+00  1.800000e+00  0.000000e+00  0.000000e+00  1.800000e+00  1.800000e+00  0.000000e+00  0.000000e+00  0.000000e+00  0.000000e+00  0.000000e+00  9.226720e-01  0.000000e+00  3.997343e-07  9.996175e-07  3.244339e-09  1.674785e-05 -1.143735e-11  9.226719e-01  5.000000e+01 
 0.000000e+00  1.800000e+00  1.800000e+00  0.000000e+00  0.000000e+00  1.800000e+00  1.800000e+00  0.000000e+00  0.000000e+00  0.000000e+00  0.000000e+00  0.000000e+00  9.319300e-01  0.000000e+00  3.997343e-07  9.996175e-07  3.280028e-09  1.674722e-05 -1.261991e-11  9.319299e-01  5.100000e+01 
 0.000000e+00  0.000000e+00  0.000000e+00  1.800000e+00  0.000000e+00  1.800000e+00  1.800000e+00  0.000000e+00  0.000000e+00  0.000000e+00  0.000000e+00  0.000000e+00  9.417088e-01  0.000000e+00  3.997342e-07  9.996174e-07  3.565355e-09  1.676501e-05  5.129930e-12  9.417088e-01  5.200000e+01 
 0.000000e+00  1.800000e+00  0.000000e+00  1.800000e+00  0.000000e+00  1.800000e+00  1.800000e+00  0.000000e+00  0.000000e+00  0.000000e+00  0.000000e+00  0.000000e+00  9.509668e-01  0.000000e+00  3.997343e-07  9.996175e-07  3.233722e-09  1.677741e-05  3.701577e-11  9.509672e-01  5.300000e+01 
 0.000000e+00  0.000000e+00  1.800000e+00  1.800000e+00  0.000000e+00  1.800000e+00  1.800000e+00  0.000000e+00  0.000000e+00  0.000000e+00  0.000000e+00  0.000000e+00  9.602255e-01  0.000000e+00  3.997354e-07  9.996192e-07 -1.589339e-08  1.610510e-05  3.634045e-11  9.602259e-01  5.400000e+01 
 0.000000e+00  1.800000e+00  1.800000e+00  1.800000e+00  0.000000e+00  1.800000e+00  1.800000e+00  0.000000e+00  0.000000e+00  0.000000e+00  0.000000e+00  0.000000e+00  9.694844e-01  0.000000e+00  3.997343e-07  9.996175e-07  1.181464e-09  1.679122e-05 -1.768252e-11  9.694842e-01  5.500000e+01 
 0.000000e+00  0.000000e+00  0.000000e+00  0.000000e+00  1.800000e+00  1.800000e+00  1.800000e+00  0.000000e+00  0.000000e+00  0.000000e+00  0.000000e+00  0.000000e+00  9.787450e-01  0.000000e+00  3.997356e-07  9.996190e-07  7.144737e-09  1.611909e-05 -4.741283e-11  9.787446e-01  5.600000e+01 
 0.000000e+00  1.800000e+00  0.000000e+00  0.000000e+00  1.800000e+00  1.800000e+00  1.800000e+00  0.000000e+00  0.000000e+00  0.000000e+00  0.000000e+00  0.000000e+00  9.880246e-01  0.000000e+00  3.997343e-07  9.996175e-07  2.852911e-09  1.675123e-05  3.885873e-12  9.880247e-01  5.700000e+01 
 0.000000e+00  0.000000e+00  1.800000e+00  0.000000e+00  1.800000e+00  1.800000e+00  1.800000e+00  0.000000e+00  0.000000e+00  0.000000e+00  0.000000e+00  0.000000e+00  9.967626e-01  0.000000e+00  3.997343e-07  9.996175e-07  1.179559e-09  1.674786e-05 -1.496672e-11  9.967624e-01  5.800000e+01 
 0.000000e+00  1.800000e+00  1.800000e+00  0.000000e+00  1.800000e+00  1.800000e+00  1.800000e+00  0.000000e+00  0.000000e+00  0.000000e+00  0.000000e+00  0.000000e+00  1.005501e+00  0.000000e+00  3.997343e-07  9.996174e-07  2.985661e-09  1.677891e-05 -9.408575e-13  1.005501e+00  5.900000e+01 
 0.000000e+00  0.000000e+00  0.000000e+00  1.800000e+00  1.800000e+00  1.800000e+00  1.800000e+00  0.000000e+00  0.000000e+00  0.000000e+00  0.000000e+00  0.000000e+00  1.014239e+00  0.000000e+00  3.997343e-07  9.996175e-07  3.232575e-09  1.677180e-05 -2.952508e-14  1.014239e+00  6.000000e+01 
 0.000000e+00  1.800000e+00  0.000000e+00  1.800000e+00  1.800000e+00  1.800000e+00  1.800000e+00  0.000000e+00  0.000000e+00  0.000000e+00  0.000000e+00  0.000000e+00  1.022977e+00  0.000000e+00  3.997349e-07  9.996191e-07 -2.669435e-08  1.805411e-05  2.121905e-10  1.022979e+00  6.100000e+01 
 0.000000e+00  0.000000e+00  1.800000e+00  1.800000e+00  1.800000e+00  1.800000e+00  1.800000e+00  0.000000e+00  0.000000e+00  0.000000e+00  0.000000e+00  0.000000e+00  1.031715e+00  0.000000e+00  3.997343e-07  9.996175e-07  3.219178e-09  1.677067e-05  2.158679e-11  1.031715e+00  6.200000e+01 
 0.000000e+00  1.800000e+00  1.800000e+00  1.800000e+00  1.800000e+00  1.800000e+00  1.800000e+00  0.000000e+00  0.000000e+00  0.000000e+00  0.000000e+00  0.000000e+00  1.040453e+00  0.000000e+00  3.997343e-07  9.996175e-07  3.200233e-09  1.676833e-05  5.007177e-12  1.040453e+00  6.300000e+01 
 0.000000e+00  0.000000e+00  0.000000e+00  0.000000e+00  0.000000e+00  0.000000e+00  0.000000e+00  1.800000e+00  0.000000e+00  0.000000e+00  0.000000e+00  0.000000e+00  1.048756e+00  0.000000e+00  3.997343e-07  9.996174e-07  3.645680e-09  1.676809e-05 -5.828058e-11  1.048756e+00  6.400000e+01 
 0.000000e+00  1.800000e+00  0.000000e+00  0.000000e+00  0.000000e+00  0.000000e+00  0.000000e+00  1.800000e+00  0.000000e+00  0.000000e+00  0.000000e+00  0.000000e+00  1.054058e+00  0.000000e+00  3.997343e-07  9.996175e-07  3.335742e-09  1.678245e-05  7.801133e-11  1.054059e+00  6.500000e+01 
 0.000000e+00  0.000000e+00  1.800000e+00  0.000000e+00  0.000000e+00  0.000000e+00  0.000000e+00  1.800000e+00  0.000000e+00  0.000000e+00  0.000000e+00  0.000000e+00  1.059911e+00  0.000000e+00  3.997343e-07  9.996175e-07  3.315339e-09  1.674051e-05 -7.547835e-11  1.059910e+00  6.600000e+01 
 0.000000e+00  1.800000e+00  1.800000e+00  0.000000e+00  0.000000e+00  0.000000e+00  0.000000e+00  1.800000e+00  0.000000e+00  0.000000e+00  0.000000e+00  0.000000e+00  1.066469e+00  0.000000e+00  3.997344e-07  9.996174e-07  6.524464e-09  1.682756e-05 -7.532741e-12  1.066469e+00  6.700000e+01 
 0.000000e+00  0.000000e+00  0.000000e+00  1.800000e+00  0.000000e+00  0.000000e+00  0.000000e+00  1.800000e+00  0.000000e+00  0.000000e+00  0.000000e+00  0.000000e+00  1.073560e+00  0.000000e+00  3.997343e-07  9.996175e-07  3.311594e-09  1.680755e-05 -6.438655e-12  1.073560e+00  6.800000e+01 
 0.000000e+00  1.800000e+00  0.000000e+00  1.800000e+00  0.000000e+00  0.000000e+00  0.000000e+00  1.800000e+00  0.000000e+00  0.000000e+00  0.000000e+00  0.000000e+00  1.081697e+00  0.000000e+00  3.997343e-07  9.996174e-07  3.264065e-09  1.680471e-05  1.503081e-11  1.081697e+00  6.900000e+01 
 0.000000e+00  0.000000e+00  1.800000e+00  1.800000e+00  0.000000e+00  0.000000e+00  0.000000e+00  1.800000e+00  0.000000e+00  0.000000e+00  0.000000e+00  0.000000e+00  1.090584e+00  0.000000e+00  3.997343e-07  9.996175e-07  3.009641e-09  1.673532e-05  4.522552e-11  1.090584e+00  7.000000e+01 
 0.000000e+00  1.800000e+00  1.800000e+00  1.800000e+00  0.000000e+00  0.000000e+00  0.000000e+00  1.800000e+00  0.000000e+00  0.000000e+00  0.000000e+00  0.000000e+00  1.100327e+00  0.000000e+00  3.997343e-07  9.996174e-07  3.292511e-09  1.679875e-05  3.633803e-11  1.100327e+00  7.100000e+01 
 0.000000e+00  0.000000e+00  0.000000e+00  0.000000e+00  1.800000e+00  0.000000e+00  0.000000e+00  1.800000e+00  0.000000e+00  0.000000e+00  0.000000e+00  0.000000e+00  1.109244e+00  0.000000e+00  3.997343e-07  9.996175e-07  1.094018e-09  1.674303e-05 -1.165080e-11  1.109244e+00  7.200000e+01 
 0.000000e+00  1.800000e+00  0.000000e+00  0.000000e+00  1.800000e+00  0.000000e+00  0.000000e+00  1.800000e+00  0.000000e+00  0.000000e+00  0.000000e+00  0.000000e+00  1.119419e+00  0.000000e+00  3.997350e-07  9.996159e-07 -8.449844e-09  1.367790e-05  1.780718e-11  1.119419e+00  7.300000e+01 
 0.000000e+00  0.000000e+00  1.800000e+00  0.000000e+00  1.800000e+00  0.000000e+00  0.000000e+00  1.800000e+00  0.000000e+00  0.000000e+00  0.000000e+00  0.000000e+00  1.129054e+00  0.000000e+00  3.997348e-07  9.996192e-07  1.854609e-09  1.668823e-05  3.824531e-11  1.129054e+00  7.400000e+01 
 0.000000e+00  1.800000e+00  1.800000e+00  0.000000e+00  1.800000e+00  0.000000e+00  0.000000e+00  1.800000e+00  0.000000e+00  0.000000e+00  0.000000e+00  0.000000e+00  1.138091e+00  0.000000e+00  3.997343e-07  9.996175e-07  3.266809e-09  1.679026e-05  2.061810e-11  1.138092e+00  7.500000e+01 
 0.000000e+00  0.000000e+00  0.000000e+00  1.800000e+00  1.800000e+00  0.000000e+00  0.000000e+00  1.800000e+00  0.000000e+00  0.000000e+00  0.000000e+00  0.000000e+00  1.145998e+00  0.000000e+00  3.997343e-07  9.996175e-07  3.271799e-09  1.677484e-05 -1.318034e-10  1.145996e+00  7.600000e+01 
 0.000000e+00  1.800000e+00  0.000000e+00  1.800000e+00  1.800000e+00  0.000000e+00  0.000000e+00  1.800000e+00  0.000000e+00  0.000000e+00  0.000000e+00  0.000000e+00  1.153369e+00  0.000000e+00  3.997343e-07  9.996175e-07  3.282583e-09  1.675505e-05  8.191245e-11  1.153369e+00  7.700000e+01 
 0.000000e+00  0.000000e+00  0.000000e+00  0.000000e+00  0.000000e+00  1.800000e+00  0.000000e+00  1.800000e+00  0.000000e+00  0.000000e+00  0.000000e+00  0.000000e+00  1.171134e+00  0.000000e+00  3.997343e-07  9.996175e-07  3.304491e-09  1.679231e-05  6.496640e-12  1.171134e+00  8.000000e+01 
 0.000000e+00  1.800000e+00  0.000000e+00  0.000000e+00  0.000000e+00  1.800000e+00  0.000000e+00  1.800000e+00  0.000000e+00  0.000000e+00  0.000000e+00  0.000000e+00  1.176157e+00  0.000000e+00  3.997348e-07  9.996170e-07 -1.950870e-08  1.646443e-05  5.104989e-11  1.176157e+00  8.100000e+01 
 0.000000e+00  0.000000e+00  1.800000e+00  0.000000e+00  0.000000e+00  1.800000e+00  0.000000e+00  1.800000e+00  0.000000e+00  0.000000e+00  0.000000e+00  0.000000e+00  1.181630e+00  0.000000e+00  3.997348e-07  9.996175e-07  2.888644e-09  1.671290e-05  1.284545e-10  1.181631e+00  8.200000e+01 
 0.000000e+00  1.800000e+00  1.800000e+00  0.000000e+00  0.000000e+00  1.800000e+00  0.000000e+00  1.800000e+00  0.000000e+00  0.000000e+00  0.000000e+00  0.000000e+00  1.187691e+00  0.000000e+00  3.997343e-07  9.996175e-07  3.277172e-09  1.676200e-05 -5.844880e-11  1.187690e+00  8.300000e+01 
 0.000000e+00  0.000000e+00  0.000000e+00  1.800000e+00  0.000000e+00  1.800000e+00  0.000000e+00  1.800000e+00  0.000000e+00  0.000000e+00  0.000000e+00  0.000000e+00  1.194085e+00  0.000000e+00  3.997343e-07  9.996175e-07  3.281501e-09  1.675175e-05  2.665291e-11  1.194085e+00  8.400000e+01 
 0.000000e+00  1.800000e+00  0.000000e+00  1.800000e+00  0.000000e+00  1.800000e+00  0.000000e+00  1.800000e+00  0.000000e+00  0.000000e+00  0.000000e+00  0.000000e+00  1.201326e+00  0.000000e+00  3.997343e-07  9.996175e-07  3.266420e-09  1.675125e-05 -2.596051e-12  1.201326e+00  8.500000e+01 
 0.000000e+00  0.000000e+00  1.800000e+00  1.800000e+00  0.000000e+00  1.800000e+00  0.000000e+00  1.800000e+00  0.000000e+00  0.000000e+00  0.000000e+00  0.000000e+00  1.209045e+00  0.000000e+00  3.997343e-07  9.996175e-07  3.265309e-09  1.674710e-05  1.681645e-11  1.209046e+00  8.600000e+01 
 0.000000e+00  0.000000e+00  0.000000e+00  0.000000e+00  1.800000e+00  1.800000e+00  0.000000e+00  1.800000e+00  0.000000e+00  0.000000e+00  0.000000e+00  0.000000e+00  1.224750e+00  0.000000e+00  3.997343e-07  9.996175e-07  3.283232e-09  1.676193e-05 -4.327326e-12  1.224750e+00  8.800000e+01 
 0.000000e+00  1.800000e+00  0.000000e+00  0.000000e+00  1.800000e+00  1.800000e+00  0.000000e+00  1.800000e+00  0.000000e+00  0.000000e+00  0.000000e+00  0.000000e+00  1.233325e+00  0.000000e+00  3.997343e-07  9.996175e-07  3.265805e-09  1.673974e-05 -1.166408e-11  1.233325e+00  8.900000e+01 
 0.000000e+00  0.000000e+00  1.800000e+00  0.000000e+00  1.800000e+00  1.800000e+00  0.000000e+00  1.800000e+00  0.000000e+00  0.000000e+00  0.000000e+00  0.000000e+00  1.241522e+00  0.000000e+00  3.997343e-07  9.996175e-07  3.265930e-09  1.674455e-05 -7.316078e-12  1.241522e+00  9.000000e+01 
 0.000000e+00  1.800000e+00  1.800000e+00  0.000000e+00  1.800000e+00  1.800000e+00  0.000000e+00  1.800000e+00  0.000000e+00  0.000000e+00  0.000000e+00  0.000000e+00  1.249383e+00  0.000000e+00  3.997343e-07  9.996175e-07  2.953797e-09  1.672698e-05 -1.209863e-10  1.249382e+00  9.100000e+01 
 0.000000e+00  0.000000e+00  0.000000e+00  1.800000e+00  1.800000e+00  1.800000e+00  0.000000e+00  1.800000e+00  0.000000e+00  0.000000e+00  0.000000e+00  0.000000e+00  1.256364e+00  0.000000e+00  3.997343e-07  9.996175e-07  3.268581e-09  1.674943e-05 -2.225050e-11  1.256364e+00  9.200000e+01 
 0.000000e+00  1.800000e+00  0.000000e+00  1.800000e+00  1.800000e+00  1.800000e+00  0.000000e+00  1.800000e+00  0.000000e+00  0.000000e+00  0.000000e+00  0.000000e+00  1.263056e+00  0.000000e+00  3.997343e-07  9.996175e-07  3.305131e-09  1.672693e-05 -1.094607e-10  1.263054e+00  9.300000e+01 
 0.000000e+00  0.000000e+00  1.800000e+00  1.800000e+00  1.800000e+00  1.800000e+00  0.000000e+00  1.800000e+00  0.000000e+00  0.000000e+00  0.000000e+00  0.000000e+00  1.269088e+00  0.000000e+00  3.997343e-07  9.996175e-07  3.322741e-09  1.671632e-05  5.371609e-11  1.269089e+00  9.400000e+01 
 0.000000e+00  1.800000e+00  1.800000e+00  1.800000e+00  1.800000e+00  1.800000e+00  0.000000e+00  1.800000e+00  0.000000e+00  0.000000e+00  0.000000e+00  0.000000e+00  1.274625e+00  0.000000e+00  3.997686e-07  9.997025e-07 -2.868231e-06 -8.452754e-05  5.938804e-09  1.274684e+00  9.500000e+01 
 0.000000e+00  0.000000e+00  0.000000e+00  0.000000e+00  0.000000e+00  0.000000e+00  1.800000e+00  1.800000e+00  0.000000e+00  0.000000e+00  0.000000e+00  0.000000e+00  1.279659e+00  0.000000e+00  3.997343e-07  9.996175e-07  3.286475e-09  1.674629e-05 -8.087789e-12  1.279659e+00  9.600000e+01 
 0.000000e+00  1.800000e+00  0.000000e+00  0.000000e+00  0.000000e+00  0.000000e+00  1.800000e+00  1.800000e+00  0.000000e+00  0.000000e+00  0.000000e+00  0.000000e+00  1.284425e+00  0.000000e+00  3.997343e-07  9.996175e-07  3.270331e-09  1.674163e-05  3.943585e-11  1.284425e+00  9.700000e+01 
 0.000000e+00  0.000000e+00  1.800000e+00  0.000000e+00  0.000000e+00  0.000000e+00  1.800000e+00  1.800000e+00  0.000000e+00  0.000000e+00  0.000000e+00  0.000000e+00  1.289555e+00  0.000000e+00  3.997343e-07  9.996175e-07  3.320119e-09  1.676040e-05 -1.059008e-10  1.289554e+00  9.800000e+01 
 0.000000e+00  1.800000e+00  1.800000e+00  0.000000e+00  0.000000e+00  0.000000e+00  1.800000e+00  1.800000e+00  0.000000e+00  0.000000e+00  0.000000e+00  0.000000e+00  1.295183e+00  0.000000e+00  3.997343e-07  9.996175e-07  3.256892e-09  1.674213e-05 -2.137120e-11  1.295183e+00  9.900000e+01 
 0.000000e+00  0.000000e+00  0.000000e+00  1.800000e+00  0.000000e+00  0.000000e+00  1.800000e+00  1.800000e+00  0.000000e+00  0.000000e+00  0.000000e+00  0.000000e+00  1.301001e+00  0.000000e+00  3.997343e-07  9.996175e-07  3.292700e-09  1.677886e-05 -7.008253e-12  1.301000e+00  1.000000e+02 
 0.000000e+00  1.800000e+00  0.000000e+00  1.800000e+00  0.000000e+00  0.000000e+00  1.800000e+00  1.800000e+00  0.000000e+00  0.000000e+00  0.000000e+00  0.000000e+00  1.307532e+00  0.000000e+00  3.997714e-07  9.997080e-07 -3.085310e-06 -8.529064e-05  6.941884e-09  1.307602e+00  1.010000e+02 
 0.000000e+00  0.000000e+00  1.800000e+00  1.800000e+00  0.000000e+00  0.000000e+00  1.800000e+00  1.800000e+00  0.000000e+00  0.000000e+00  0.000000e+00  0.000000e+00  1.314376e+00  0.000000e+00  3.997343e-07  9.996175e-07  3.254262e-09  1.673720e-05 -4.463934e-12  1.314376e+00  1.020000e+02 
 0.000000e+00  0.000000e+00  0.000000e+00  0.000000e+00  1.800000e+00  0.000000e+00  1.800000e+00  1.800000e+00  0.000000e+00  0.000000e+00  0.000000e+00  0.000000e+00  1.328012e+00  0.000000e+00  3.997345e-07  9.996188e-07  1.996622e-08  1.751911e-05 -3.371955e-11  1.328012e+00  1.040000e+02 
 0.000000e+00  1.800000e+00  0.000000e+00  0.000000e+00  1.800000e+00  0.000000e+00  1.800000e+00  1.800000e+00  0.000000e+00  0.000000e+00  0.000000e+00  0.000000e+00  1.335474e+00  0.000000e+00  3.997343e-07  9.996175e-07  3.254979e-09  1.673888e-05  1.390697e-11  1.335474e+00  1.050000e+02 
 0.000000e+00  0.000000e+00  1.800000e+00  0.000000e+00  1.800000e+00  0.000000e+00  1.800000e+00  1.800000e+00  0.000000e+00  0.000000e+00  0.000000e+00  0.000000e+00  1.342646e+00  0.000000e+00  3.997343e-07  9.996175e-07  3.255339e-09  1.674583e-05 -7.514910e-12  1.342646e+00  1.060000e+02 
 0.000000e+00  1.800000e+00  1.800000e+00  0.000000e+00  1.800000e+00  0.000000e+00  1.800000e+00  1.800000e+00  0.000000e+00  0.000000e+00  0.000000e+00  0.000000e+00  1.349624e+00  0.000000e+00  3.997343e-07  9.996175e-07  3.233171e-09  1.671013e-05  5.058911e-11  1.349624e+00  1.070000e+02 
 0.000000e+00  0.000000e+00  0.000000e+00  1.800000e+00  1.800000e+00  0.000000e+00  1.800000e+00  1.800000e+00  0.000000e+00  0.000000e+00  0.000000e+00  0.000000e+00  1.355878e+00  0.000000e+00  3.997704e-07  9.997055e-07 -3.072407e-06 -8.347575e-05  7.332630e-09  1.355951e+00  1.080000e+02 
 0.000000e+00  1.800000e+00  0.000000e+00  1.800000e+00  1.800000e+00  0.000000e+00  1.800000e+00  1.800000e+00  0.000000e+00  0.000000e+00  0.000000e+00  0.000000e+00  1.362001e+00  0.000000e+00  3.997343e-07  9.996175e-07  3.238116e-09  1.673073e-05  1.274794e-11  1.362001e+00  1.090000e+02 
 0.000000e+00  0.000000e+00  1.800000e+00  1.800000e+00  1.800000e+00  0.000000e+00  1.800000e+00  1.800000e+00  0.000000e+00  0.000000e+00  0.000000e+00  0.000000e+00  1.367588e+00  0.000000e+00  3.997345e-07  9.996196e-07 -2.927197e-08  1.573076e-05  3.422252e-11  1.367588e+00  1.100000e+02 
 0.000000e+00  0.000000e+00  0.000000e+00  0.000000e+00  0.000000e+00  1.800000e+00  1.800000e+00  1.800000e+00  0.000000e+00  0.000000e+00  0.000000e+00  0.000000e+00  1.377564e+00  0.000000e+00  3.997343e-07  9.996174e-07  3.633608e-09  1.679164e-05  3.913213e-11  1.377564e+00  1.120000e+02 
 0.000000e+00  1.800000e+00  0.000000e+00  0.000000e+00  0.000000e+00  1.800000e+00  1.800000e+00  1.800000e+00  0.000000e+00  0.000000e+00  0.000000e+00  0.000000e+00  1.382121e+00  0.000000e+00  3.997343e-07  9.996175e-07  3.263339e-09  1.671713e-05  1.144207e-11  1.382121e+00  1.130000e+02 
 0.000000e+00  0.000000e+00  1.800000e+00  0.000000e+00  0.000000e+00  1.800000e+00  1.800000e+00  1.800000e+00  0.000000e+00  0.000000e+00  0.000000e+00  0.000000e+00  1.386981e+00  0.000000e+00  3.997343e-07  9.996175e-07  3.266778e-09  1.672964e-05 -8.234184e-12  1.386981e+00  1.140000e+02 
 0.000000e+00  1.800000e+00  1.800000e+00  0.000000e+00  0.000000e+00  1.800000e+00  1.800000e+00  1.800000e+00  0.000000e+00  0.000000e+00  0.000000e+00  0.000000e+00  1.392275e+00  0.000000e+00  3.997343e-07  9.996175e-07  2.968014e-09  1.673078e-05 -4.977691e-11  1.392274e+00  1.150000e+02 
 0.000000e+00  0.000000e+00  0.000000e+00  1.800000e+00  0.000000e+00  1.800000e+00  1.800000e+00  1.800000e+00  0.000000e+00  0.000000e+00  0.000000e+00  0.000000e+00  1.397667e+00  0.000000e+00  3.997354e-07  9.996184e-07  1.562360e-08  1.661247e-05  4.984528e-12  1.397667e+00  1.160000e+02 
 0.000000e+00  1.800000e+00  0.000000e+00  1.800000e+00  0.000000e+00  1.800000e+00  1.800000e+00  1.800000e+00  0.000000e+00  0.000000e+00  0.000000e+00  0.000000e+00  1.403691e+00  0.000000e+00  3.997708e-07  9.997004e-07 -2.937050e-06 -8.620356e-05  8.531066e-09  1.403776e+00  1.170000e+02 
 0.000000e+00  0.000000e+00  1.800000e+00  1.800000e+00  0.000000e+00  1.800000e+00  1.800000e+00  1.800000e+00  0.000000e+00  0.000000e+00  0.000000e+00  0.000000e+00  1.409931e+00  0.000000e+00  3.997343e-07  9.996175e-07  3.200532e-09  1.673233e-05 -1.249921e-10  1.409930e+00  1.180000e+02 
 0.000000e+00  1.800000e+00  1.800000e+00  1.800000e+00  0.000000e+00  1.800000e+00  1.800000e+00  1.800000e+00  0.000000e+00  0.000000e+00  0.000000e+00  0.000000e+00  1.416533e+00  0.000000e+00  3.997694e-07  9.997074e-07 -2.894283e-06 -8.186136e-05  8.328815e-09  1.416617e+00  1.190000e+02 
 0.000000e+00  1.800000e+00  0.000000e+00  0.000000e+00  1.800000e+00  1.800000e+00  1.800000e+00  1.800000e+00  0.000000e+00  0.000000e+00  0.000000e+00  0.000000e+00  1.428935e+00  0.000000e+00  3.997343e-07  9.996175e-07  3.526402e-09  1.676490e-05 -1.290289e-10  1.428934e+00  1.210000e+02 
 0.000000e+00  0.000000e+00  1.800000e+00  0.000000e+00  1.800000e+00  1.800000e+00  1.800000e+00  1.800000e+00  0.000000e+00  0.000000e+00  0.000000e+00  0.000000e+00  1.435422e+00  0.000000e+00  3.997342e-07  9.996165e-07  1.858830e-08  1.808303e-05  8.273791e-11  1.435423e+00  1.220000e+02 
 0.000000e+00  1.800000e+00  1.800000e+00  0.000000e+00  1.800000e+00  1.800000e+00  1.800000e+00  1.800000e+00  0.000000e+00  0.000000e+00  0.000000e+00  0.000000e+00  1.441791e+00  0.000000e+00  3.997686e-07  9.996950e-07 -2.835476e-06 -8.980831e-05  7.908615e-09  1.441870e+00  1.230000e+02 
 0.000000e+00  0.000000e+00  0.000000e+00  1.800000e+00  1.800000e+00  1.800000e+00  1.800000e+00  1.800000e+00  0.000000e+00  0.000000e+00  0.000000e+00  0.000000e+00  1.447528e+00  0.000000e+00  3.997343e-07  9.996175e-07  3.232851e-09  1.672791e-05  8.807186e-11  1.447529e+00  1.240000e+02 
 0.000000e+00  1.800000e+00  0.000000e+00  1.800000e+00  1.800000e+00  1.800000e+00  1.800000e+00  1.800000e+00  0.000000e+00  0.000000e+00  0.000000e+00  0.000000e+00  1.453228e+00  0.000000e+00  3.997348e-07  9.996174e-07  1.147532e-08  1.675220e-05  8.926982e-11  1.453229e+00  1.250000e+02 
 0.000000e+00  0.000000e+00  1.800000e+00  1.800000e+00  1.800000e+00  1.800000e+00  1.800000e+00  1.800000e+00  0.000000e+00  0.000000e+00  0.000000e+00  0.000000e+00  1.458473e+00  0.000000e+00  3.997343e-07  9.996175e-07  3.234668e-09  1.672325e-05  4.641976e-12  1.458473e+00  1.260000e+02 
 0.000000e+00  1.800000e+00  1.800000e+00  1.800000e+00  1.800000e+00  1.800000e+00  1.800000e+00  1.800000e+00  0.000000e+00  0.000000e+00  0.000000e+00  0.000000e+00  1.463406e+00  0.000000e+00  3.996968e-07  9.995317e-07  2.849865e-06  1.231637e-04 -1.185806e-08  1.463287e+00  1.270000e+02 
 0.000000e+00  0.000000e+00  0.000000e+00  0.000000e+00  0.000000e+00  0.000000e+00  0.000000e+00  0.000000e+00  1.800000e+00  0.000000e+00  0.000000e+00  0.000000e+00  1.467978e+00  0.000000e+00  3.997343e-07  9.996175e-07  5.493875e-09  1.672904e-05  1.787337e-11  1.467979e+00  1.280000e+02 
 0.000000e+00  1.800000e+00  0.000000e+00  0.000000e+00  0.000000e+00  0.000000e+00  0.000000e+00  0.000000e+00  1.800000e+00  0.000000e+00  0.000000e+00  0.000000e+00  1.472337e+00  0.000000e+00  3.997343e-07  9.996175e-07  3.546797e-09  1.675256e-05 -2.870779e-11  1.472336e+00  1.290000e+02 
 0.000000e+00  0.000000e+00  1.800000e+00  0.000000e+00  0.000000e+00  0.000000e+00  0.000000e+00  0.000000e+00  1.800000e+00  0.000000e+00  0.000000e+00  0.000000e+00  1.476945e+00  0.000000e+00  3.997343e-07  9.996175e-07  3.573128e-09  1.674416e-05 -1.204061e-10  1.476944e+00  1.300000e+02 
 0.000000e+00  1.800000e+00  1.800000e+00  0.000000e+00  0.000000e+00  0.000000e+00  0.000000e+00  0.000000e+00  1.800000e+00  0.000000e+00  0.000000e+00  0.000000e+00  1.481933e+00  0.000000e+00  3.997343e-07  9.996175e-07  3.553105e-09  1.672214e-05 -7.829681e-11  1.481932e+00  1.310000e+02 
 0.000000e+00  0.000000e+00  0.000000e+00  1.800000e+00  0.000000e+00  0.000000e+00  0.000000e+00  0.000000e+00  1.800000e+00  0.000000e+00  0.000000e+00  0.000000e+00  1.486951e+00  0.000000e+00  3.997344e-07  9.996175e-07  5.475450e-09  1.673807e-05  1.646101e-11  1.486951e+00  1.320000e+02 
 0.000000e+00  1.800000e+00  0.000000e+00  1.800000e+00  0.000000e+00  0.000000e+00  0.000000e+00  0.000000e+00  1.800000e+00  0.000000e+00  0.000000e+00  0.000000e+00  1.492533e+00  0.000000e+00  3.997341e-07  9.996155e-07  5.823556e-09  1.619427e-05  1.511810e-10  1.492534e+00  1.330000e+02 
 0.000000e+00  0.000000e+00  1.800000e+00  1.800000e+00  0.000000e+00  0.000000e+00  0.000000e+00  0.000000e+00  1.800000e+00  0.000000e+00  0.000000e+00  0.000000e+00  1.498265e+00  0.000000e+00  3.997343e-07  9.996175e-07  1.175196e-09  1.669840e-05 -2.174537e-12  1.498265e+00  1.340000e+02 
 0.000000e+00  1.800000e+00  1.800000e+00  1.800000e+00  0.000000e+00  0.000000e+00  0.000000e+00  0.000000e+00  1.800000e+00  0.000000e+00  0.000000e+00  0.000000e+00  1.504299e+00  0.000000e+00  3.997343e-07  9.996174e-07  3.516607e-09  1.676848e-05 -6.325263e-11  1.504298e+00  1.350000e+02 
 0.000000e+00  0.000000e+00  0.000000e+00  0.000000e+00  1.800000e+00  0.000000e+00  0.000000e+00  0.000000e+00  1.800000e+00  0.000000e+00  0.000000e+00  0.000000e+00  1.509424e+00  0.000000e+00  3.997341e-07  9.996165e-07  1.179745e-08  1.705602e-05  9.879871e-11  1.509425e+00  1.360000e+02 
 0.000000e+00  1.800000e+00  0.000000e+00  0.000000e+00  1.800000e+00  0.000000e+00  0.000000e+00  0.000000e+00  1.800000e+00  0.000000e+00  0.000000e+00  0.000000e+00  1.515555e+00  0.000000e+00  3.997343e-07  9.996175e-07  1.074324e-09  1.667805e-05  2.414075e-11  1.515555e+00  1.370000e+02 
 0.000000e+00  0.000000e+00  1.800000e+00  0.000000e+00  1.800000e+00  0.000000e+00  0.000000e+00  0.000000e+00  1.800000e+00  0.000000e+00  0.000000e+00  0.000000e+00  1.521477e+00  0.000000e+00  3.997349e-07  9.996175e-07 -4.217871e-09  1.617234e-05  4.853047e-11  1.521477e+00  1.380000e+02 
 0.000000e+00  1.800000e+00  1.800000e+00  0.000000e+00  1.800000e+00  0.000000e+00  0.000000e+00  0.000000e+00  1.800000e+00  0.000000e+00  0.000000e+00  0.000000e+00  1.527331e+00  0.000000e+00  3.997343e-07  9.996175e-07  3.218429e-09  1.671621e-05  3.073391e-11  1.527331e+00  1.390000e+02 
 0.000000e+00  0.000000e+00  0.000000e+00  1.800000e+00  1.800000e+00  0.000000e+00  0.000000e+00  0.000000e+00  1.800000e+00  0.000000e+00  0.000000e+00  0.000000e+00  1.532624e+00  0.000000e+00  3.997343e-07  9.996175e-07  3.230207e-09  1.671490e-05 -7.368748e-12  1.532624e+00  1.400000e+02 
 0.000000e+00  1.800000e+00  0.000000e+00  1.800000e+00  1.800000e+00  0.000000e+00  0.000000e+00  0.000000e+00  1.800000e+00  0.000000e+00  0.000000e+00  0.000000e+00  1.537948e+00  0.000000e+00  3.997343e-07  9.996175e-07  3.247804e-09  1.672116e-05 -5.831717e-11  1.537947e+00  1.410000e+02 
 0.000000e+00  0.000000e+00  1.800000e+00  1.800000e+00  1.800000e+00  0.000000e+00  0.000000e+00  0.000000e+00  1.800000e+00  0.000000e+00  0.000000e+00  0.000000e+00  1.542880e+00  0.000000e+00  3.997342e-07  9.996172e-07 -1.146937e-10  1.675204e-05  1.427670e-10  1.542882e+00  1.420000e+02 
 0.000000e+00  1.800000e+00  1.800000e+00  1.800000e+00  1.800000e+00  0.000000e+00  0.000000e+00  0.000000e+00  1.800000e+00  0.000000e+00  0.000000e+00  0.000000e+00  1.547562e+00  0.000000e+00  3.997343e-07  9.996175e-07  3.205085e-09  1.672155e-05 -2.568497e-11  1.547562e+00  1.430000e+02 
 0.000000e+00  0.000000e+00  0.000000e+00  0.000000e+00  0.000000e+00  1.800000e+00  0.000000e+00  0.000000e+00  1.800000e+00  0.000000e+00  0.000000e+00  0.000000e+00  1.551923e+00  0.000000e+00  3.997343e-07  9.996174e-07  3.297761e-09  1.670656e-05 -4.654056e-11  1.551923e+00  1.440000e+02 
 0.000000e+00  1.800000e+00  0.000000e+00  0.000000e+00  0.000000e+00  1.800000e+00  0.000000e+00  0.000000e+00  1.800000e+00  0.000000e+00  0.000000e+00  0.000000e+00  1.556120e+00  0.000000e+00  3.997344e-07  9.996159e-07 -6.121812e-09  1.652407e-05  5.689229e-11  1.556120e+00  1.450000e+02 
 0.000000e+00  0.000000e+00  1.800000e+00  0.000000e+00  0.000000e+00  1.800000e+00  0.000000e+00  0.000000e+00  1.800000e+00  0.000000e+00  0.000000e+00  0.000000e+00  1.560528e+00  0.000000e+00  3.997343e-07  9.996174e-07  3.585013e-09  1.674101e-05 -7.242010e-11  1.560528e+00  1.460000e+02 
 0.000000e+00  1.800000e+00  1.800000e+00  0.000000e+00  0.000000e+00  1.800000e+00  0.000000e+00  0.000000e+00  1.800000e+00  0.000000e+00  0.000000e+00  0.000000e+00  1.565279e+00  0.000000e+00  3.997343e-07  9.996175e-07  3.272764e-09  1.669799e-05 -8.985613e-11  1.565278e+00  1.470000e+02 
 0.000000e+00  0.000000e+00  0.000000e+00  1.800000e+00  0.000000e+00  1.800000e+00  0.000000e+00  0.000000e+00  1.800000e+00  0.000000e+00  0.000000e+00  0.000000e+00  1.570014e+00  0.000000e+00  3.997633e-07  9.996976e-07 -3.028972e-06 -8.121705e-05  5.567457e-09  1.570070e+00  1.480000e+02 
 0.000000e+00  1.800000e+00  0.000000e+00  1.800000e+00  0.000000e+00  1.800000e+00  0.000000e+00  0.000000e+00  1.800000e+00  0.000000e+00  0.000000e+00  0.000000e+00  1.575269e+00  0.000000e+00  3.997345e-07  9.996180e-07  2.875677e-08  1.624860e-05 -7.565577e-11  1.575268e+00  1.490000e+02 
 0.000000e+00  0.000000e+00  1.800000e+00  1.800000e+00  0.000000e+00  1.800000e+00  0.000000e+00  0.000000e+00  1.800000e+00  0.000000e+00  0.000000e+00  0.000000e+00  1.580631e+00  0.000000e+00  3.997343e-07  9.996175e-07  1.240539e-09  1.669354e-05 -2.475431e-12  1.580631e+00  1.500000e+02 
 0.000000e+00  1.800000e+00  1.800000e+00  1.800000e+00  0.000000e+00  1.800000e+00  0.000000e+00  0.000000e+00  1.800000e+00  0.000000e+00  0.000000e+00  0.000000e+00  1.586257e+00  0.000000e+00  3.997343e-07  9.996133e-07 -1.022250e-09  1.467575e-05 -8.231765e-11  1.586256e+00  1.510000e+02 
 0.000000e+00  0.000000e+00  0.000000e+00  0.000000e+00  1.800000e+00  1.800000e+00  0.000000e+00  0.000000e+00  1.800000e+00  0.000000e+00  0.000000e+00  0.000000e+00  1.590998e+00  0.000000e+00  3.997343e-07  9.996175e-07  3.230089e-09  1.670168e-05 -1.033533e-10  1.590997e+00  1.520000e+02 
 0.000000e+00  1.800000e+00  0.000000e+00  0.000000e+00  1.800000e+00  1.800000e+00  0.000000e+00  0.000000e+00  1.800000e+00  0.000000e+00  0.000000e+00  0.000000e+00  1.596702e+00  0.000000e+00  3.997343e-07  9.996175e-07  5.231284e-09  1.673784e-05  8.615241e-12  1.596702e+00  1.530000e+02 
 0.000000e+00  0.000000e+00  1.800000e+00  0.000000e+00  1.800000e+00  1.800000e+00  0.000000e+00  0.000000e+00  1.800000e+00  0.000000e+00  0.000000e+00  0.000000e+00  1.602218e+00  0.000000e+00  3.997343e-07  9.996175e-07  3.234332e-09  1.673085e-05 -2.021123e-11  1.602218e+00  1.540000e+02 
 0.000000e+00  1.800000e+00  1.800000e+00  0.000000e+00  1.800000e+00  1.800000e+00  0.000000e+00  0.000000e+00  1.800000e+00  0.000000e+00  0.000000e+00  0.000000e+00  1.607698e+00  0.000000e+00  3.997343e-07  9.996175e-07  3.216143e-09  1.670376e-05  2.517013e-11  1.607698e+00  1.550000e+02 
 0.000000e+00  0.000000e+00  0.000000e+00  1.800000e+00  1.800000e+00  1.800000e+00  0.000000e+00  0.000000e+00  1.800000e+00  0.000000e+00  0.000000e+00  0.000000e+00  1.612663e+00  0.000000e+00  3.997343e-07  9.996175e-07  3.233183e-09  1.671320e-05 -1.927986e-12  1.612663e+00  1.560000e+02 
 0.000000e+00  1.800000e+00  0.000000e+00  1.800000e+00  1.800000e+00  1.800000e+00  0.000000e+00  0.000000e+00  1.800000e+00  0.000000e+00  0.000000e+00  0.000000e+00  1.617702e+00  0.000000e+00  3.997634e-07  9.996992e-07 -2.883569e-06 -8.176098e-05  5.456637e-09  1.617756e+00  1.570000e+02 
 0.000000e+00  0.000000e+00  1.800000e+00  1.800000e+00  1.800000e+00  1.800000e+00  0.000000e+00  0.000000e+00  1.800000e+00  0.000000e+00  0.000000e+00  0.000000e+00  1.622393e+00  0.000000e+00  3.997343e-07  9.996175e-07  3.230527e-09  1.669326e-05 -7.063849e-11  1.622392e+00  1.580000e+02 
 0.000000e+00  1.800000e+00  1.800000e+00  1.800000e+00  1.800000e+00  1.800000e+00  0.000000e+00  0.000000e+00  1.800000e+00  0.000000e+00  0.000000e+00  0.000000e+00  1.626877e+00  0.000000e+00  3.997339e-07  9.996169e-07 -1.576223e-08  1.700081e-05  1.119096e-10  1.626878e+00  1.590000e+02 
 0.000000e+00  0.000000e+00  0.000000e+00  0.000000e+00  0.000000e+00  0.000000e+00  1.800000e+00  0.000000e+00  1.800000e+00  0.000000e+00  0.000000e+00  0.000000e+00  1.631077e+00  0.000000e+00  3.997343e-07  9.996175e-07  3.251029e-09  1.670919e-05  2.229588e-11  1.631077e+00  1.600000e+02 
 0.000000e+00  1.800000e+00  0.000000e+00  0.000000e+00  0.000000e+00  0.000000e+00  1.800000e+00  0.000000e+00  1.800000e+00  0.000000e+00  0.000000e+00  0.000000e+00  1.635120e+00  0.000000e+00  3.997347e-07  9.996183e-07 -2.455821e-08  1.584167e-05 -2.908927e-12  1.635120e+00  1.610000e+02 
 0.000000e+00  0.000000e+00  1.800000e+00  0.000000e+00  0.000000e+00  0.000000e+00  1.800000e+00  0.000000e+00  1.800000e+00  0.000000e+00  0.000000e+00  0.000000e+00  1.639344e+00  0.000000e+00  3.997343e-07  9.996175e-07  3.239026e-09  1.671002e-05  4.633611e-11  1.639344e+00  1.620000e+02 
 0.000000e+00  1.800000e+00  1.800000e+00  0.000000e+00  0.000000e+00  0.000000e+00  1.800000e+00  0.000000e+00  1.800000e+00  0.000000e+00  0.000000e+00  0.000000e+00  1.643876e+00  0.000000e+00  3.997342e-07  9.996146e-07  2.115687e-08  1.341047e-05 -1.470558e-10  1.643874e+00  1.630000e+02 
 0.000000e+00  0.000000e+00  0.000000e+00  1.800000e+00  0.000000e+00  0.000000e+00  1.800000e+00  0.000000e+00  1.800000e+00  0.000000e+00  0.000000e+00  0.000000e+00  1.648357e+00  0.000000e+00  3.997343e-07  9.996175e-07  3.528518e-09  1.672268e-05 -1.237953e-10  1.648356e+00  1.640000e+02 
 0.000000e+00  1.800000e+00  0.000000e+00  1.800000e+00  0.000000e+00  0.000000e+00  1.800000e+00  0.000000e+00  1.800000e+00  0.000000e+00  0.000000e+00  0.000000e+00  1.653319e+00  0.000000e+00  3.997343e-07  9.996175e-07  3.220639e-09  1.670639e-05  6.205800e-12  1.653319e+00  1.650000e+02 
 0.000000e+00  0.000000e+00  1.800000e+00  1.800000e+00  0.000000e+00  0.000000e+00  1.800000e+00  0.000000e+00  1.800000e+00  0.000000e+00  0.000000e+00  0.000000e+00  1.658357e+00  0.000000e+00  3.997343e-07  9.996175e-07  3.038244e-09  1.668612e-05 -1.476382e-10  1.658355e+00  1.660000e+02 
 0.000000e+00  1.800000e+00  1.800000e+00  1.800000e+00  0.000000e+00  0.000000e+00  1.800000e+00  0.000000e+00  1.800000e+00  0.000000e+00  0.000000e+00  0.000000e+00  1.663629e+00  0.000000e+00  3.997343e-07  9.996175e-07  3.206459e-09  1.670481e-05  1.314096e-11  1.663629e+00  1.670000e+02 
 0.000000e+00  0.000000e+00  0.000000e+00  0.000000e+00  1.800000e+00  0.000000e+00  1.800000e+00  0.000000e+00  1.800000e+00  0.000000e+00  0.000000e+00  0.000000e+00  1.668041e+00  0.000000e+00  3.997343e-07  9.996175e-07  3.236851e-09  1.671140e-05 -3.188547e-12  1.668041e+00  1.680000e+02 
 0.000000e+00  1.800000e+00  0.000000e+00  0.000000e+00  1.800000e+00  0.000000e+00  1.800000e+00  0.000000e+00  1.800000e+00  0.000000e+00  0.000000e+00  0.000000e+00  1.673376e+00  0.000000e+00  3.997345e-07  9.996192e-07 -1.808963e-08  1.989185e-05  1.817772e-10  1.673378e+00  1.690000e+02 
 0.000000e+00  0.000000e+00  1.800000e+00  0.000000e+00  1.800000e+00  0.000000e+00  1.800000e+00  0.000000e+00  1.800000e+00  0.000000e+00  0.000000e+00  0.000000e+00  1.678542e+00  0.000000e+00  3.997347e-07  9.996176e-07 -9.868665e-09  1.674603e-05  2.438110e-10  1.678544e+00  1.700000e+02 
 0.000000e+00  1.800000e+00  1.800000e+00  0.000000e+00  1.800000e+00  0.000000e+00  1.800000e+00  0.000000e+00  1.800000e+00  0.000000e+00  0.000000e+00  0.000000e+00  1.683692e+00  0.000000e+00  3.997657e-07  9.996994e-07 -2.919481e-06 -8.727575e-05  5.570555e-09  1.683748e+00  1.710000e+02 
 0.000000e+00  0.000000e+00  0.000000e+00  1.800000e+00  1.800000e+00  0.000000e+00  1.800000e+00  0.000000e+00  1.800000e+00  0.000000e+00  0.000000e+00  0.000000e+00  1.688368e+00  0.000000e+00  3.997343e-07  9.996175e-07  5.221259e-09  1.674010e-05 -1.064279e-11  1.688367e+00  1.720000e+02 
 0.000000e+00  1.800000e+00  0.000000e+00  1.800000e+00  1.800000e+00  0.000000e+00  1.800000e+00  0.000000e+00  1.800000e+00  0.000000e+00  0.000000e+00  0.000000e+00  1.693147e+00  0.000000e+00  3.997343e-07  9.996175e-07  3.206924e-09  1.670672e-05  4.331069e-11  1.693148e+00  1.730000e+02 
 0.000000e+00  0.000000e+00  1.800000e+00  1.800000e+00  1.800000e+00  0.000000e+00  1.800000e+00  0.000000e+00  1.800000e+00  0.000000e+00  0.000000e+00  0.000000e+00  1.697617e+00  0.000000e+00  3.997343e-07  9.996175e-07  3.206718e-09  1.670850e-05 -2.335735e-11  1.697617e+00  1.740000e+02 
 0.000000e+00  1.800000e+00  1.800000e+00  1.800000e+00  1.800000e+00  0.000000e+00  1.800000e+00  0.000000e+00  1.800000e+00  0.000000e+00  0.000000e+00  0.000000e+00  1.701915e+00  0.000000e+00  3.997335e-07  9.996164e-07  1.567217e-08  1.516190e-05 -1.563363e-10  1.701914e+00  1.750000e+02 
 0.000000e+00  0.000000e+00  0.000000e+00  0.000000e+00  0.000000e+00  1.800000e+00  1.800000e+00  0.000000e+00  1.800000e+00  0.000000e+00  0.000000e+00  0.000000e+00  1.705964e+00  0.000000e+00  3.997343e-07  9.996174e-07  1.109201e-09  1.665542e-05 -7.086705e-12  1.705964e+00  1.760000e+02 
 0.000000e+00  0.000000e+00  1.800000e+00  0.000000e+00  0.000000e+00  1.800000e+00  1.800000e+00  0.000000e+00  1.800000e+00  0.000000e+00  0.000000e+00  0.000000e+00  1.713920e+00  0.000000e+00  3.997343e-07  9.996175e-07  3.231791e-09  1.669167e-05 -8.758130e-12  1.713920e+00  1.780000e+02 
 0.000000e+00  0.000000e+00  0.000000e+00  1.800000e+00  0.000000e+00  1.800000e+00  1.800000e+00  0.000000e+00  1.800000e+00  0.000000e+00  0.000000e+00  0.000000e+00  1.722512e+00  0.000000e+00  3.997343e-07  9.996175e-07  3.233388e-09  1.670597e-05  9.007800e-12  1.722512e+00  1.800000e+02 
 0.000000e+00  1.800000e+00  0.000000e+00  1.800000e+00  0.000000e+00  1.800000e+00  1.800000e+00  0.000000e+00  1.800000e+00  0.000000e+00  0.000000e+00  0.000000e+00  1.727219e+00  0.000000e+00  3.997344e-07  9.996168e-07 -3.602213e-08  1.733295e-05  2.985110e-10  1.727221e+00  1.810000e+02 
 0.000000e+00  1.800000e+00  1.800000e+00  1.800000e+00  0.000000e+00  1.800000e+00  1.800000e+00  0.000000e+00  1.800000e+00  0.000000e+00  0.000000e+00  0.000000e+00  1.736944e+00  0.000000e+00  3.997343e-07  9.996175e-07  3.198780e-09  1.670104e-05  6.359132e-12  1.736944e+00  1.830000e+02 
 0.000000e+00  0.000000e+00  0.000000e+00  0.000000e+00  1.800000e+00  1.800000e+00  1.800000e+00  0.000000e+00  1.800000e+00  0.000000e+00  0.000000e+00  0.000000e+00  1.741078e+00  0.000000e+00  3.997343e-07  9.996175e-07  3.230198e-09  1.670572e-05 -6.929932e-12  1.741078e+00  1.840000e+02 
 0.000000e+00  1.800000e+00  0.000000e+00  0.000000e+00  1.800000e+00  1.800000e+00  1.800000e+00  0.000000e+00  1.800000e+00  0.000000e+00  0.000000e+00  0.000000e+00  1.746099e+00  0.000000e+00  3.997345e-07  9.996175e-07  3.024419e-09  1.667629e-05  1.084008e-10  1.746100e+00  1.850000e+02 
 0.000000e+00  0.000000e+00  1.800000e+00  0.000000e+00  1.800000e+00  1.800000e+00  1.800000e+00  0.000000e+00  1.800000e+00  0.000000e+00  0.000000e+00  0.000000e+00  1.750963e+00  0.000000e+00  3.997648e-07  9.997010e-07 -2.888889e-06 -8.205219e-05  5.841687e-09  1.751022e+00  1.860000e+02 
 0.000000e+00  1.800000e+00  1.800000e+00  0.000000e+00  1.800000e+00  1.800000e+00  1.800000e+00  0.000000e+00  1.800000e+00  0.000000e+00  0.000000e+00  0.000000e+00  1.755829e+00  0.000000e+00  3.997343e-07  9.996175e-07  3.198033e-09  1.669489e-05 -1.321070e-10  1.755828e+00  1.870000e+02 
 0.000000e+00  0.000000e+00  0.000000e+00  1.800000e+00  1.800000e+00  1.800000e+00  1.800000e+00  0.000000e+00  1.800000e+00  0.000000e+00  0.000000e+00  0.000000e+00  1.760252e+00  0.000000e+00  3.997343e-07  9.996175e-07  3.216768e-09  1.669988e-05 -1.157444e-11  1.760252e+00  1.880000e+02 
 0.000000e+00  1.800000e+00  0.000000e+00  1.800000e+00  1.800000e+00  1.800000e+00  1.800000e+00  0.000000e+00  1.800000e+00  0.000000e+00  0.000000e+00  0.000000e+00  1.764802e+00  0.000000e+00  3.997343e-07  9.996175e-07  3.236791e-09  1.668929e-05 -1.184164e-10  1.764801e+00  1.890000e+02 
 0.000000e+00  0.000000e+00  1.800000e+00  1.800000e+00  1.800000e+00  1.800000e+00  1.800000e+00  0.000000e+00  1.800000e+00  0.000000e+00  0.000000e+00  0.000000e+00  1.769073e+00  0.000000e+00  3.997347e-07  9.996219e-07  7.148550e-09  1.870095e-05  2.703885e-10  1.769075e+00  1.900000e+02 
 0.000000e+00  0.000000e+00  0.000000e+00  0.000000e+00  0.000000e+00  0.000000e+00  0.000000e+00  1.800000e+00  1.800000e+00  0.000000e+00  0.000000e+00  0.000000e+00  1.777103e+00  0.000000e+00  3.997343e-07  9.996175e-07  3.239920e-09  1.668369e-05 -3.130181e-12  1.777103e+00  1.920000e+02 
 0.000000e+00  1.800000e+00  0.000000e+00  0.000000e+00  0.000000e+00  0.000000e+00  0.000000e+00  1.800000e+00  1.800000e+00  0.000000e+00  0.000000e+00  0.000000e+00  1.780884e+00  0.000000e+00  3.997343e-07  9.996175e-07  2.963873e-09  1.667926e-05 -1.370801e-10  1.780882e+00  1.930000e+02 
 0.000000e+00  0.000000e+00  1.800000e+00  0.000000e+00  0.000000e+00  0.000000e+00  0.000000e+00  1.800000e+00  1.800000e+00  0.000000e+00  0.000000e+00  0.000000e+00  1.784793e+00  0.000000e+00  3.997343e-07  9.996175e-07  3.530744e-09  1.671299e-05 -1.385775e-10  1.784792e+00  1.940000e+02 
 0.000000e+00  1.800000e+00  1.800000e+00  0.000000e+00  0.000000e+00  0.000000e+00  0.000000e+00  1.800000e+00  1.800000e+00  0.000000e+00  0.000000e+00  0.000000e+00  1.788962e+00  0.000000e+00  3.997343e-07  9.996175e-07  3.207744e-09  1.669817e-05 -1.839737e-11  1.788961e+00  1.950000e+02 
 0.000000e+00  0.000000e+00  0.000000e+00  1.800000e+00  0.000000e+00  0.000000e+00  0.000000e+00  1.800000e+00  1.800000e+00  0.000000e+00  0.000000e+00  0.000000e+00  1.793031e+00  0.000000e+00  3.997108e-07  9.995364e-07  2.991110e-06  1.124560e-04 -4.831830e-09  1.792983e+00  1.960000e+02 
 0.000000e+00  1.800000e+00  0.000000e+00  1.800000e+00  0.000000e+00  0.000000e+00  0.000000e+00  1.800000e+00  1.800000e+00  0.000000e+00  0.000000e+00  0.000000e+00  1.797526e+00  0.000000e+00  3.997343e-07  9.996164e-07 -5.888159e-09  1.742195e-05  1.732811e-10  1.797527e+00  1.970000e+02 
 0.000000e+00  0.000000e+00  1.800000e+00  1.800000e+00  0.000000e+00  0.000000e+00  0.000000e+00  1.800000e+00  1.800000e+00  0.000000e+00  0.000000e+00  0.000000e+00  1.802053e+00  0.000000e+00  3.997344e-07  9.996175e-07  3.206837e-09  1.668584e-05  5.696168e-11  1.802054e+00  1.980000e+02 
 0.000000e+00  1.800000e+00  1.800000e+00  1.800000e+00  0.000000e+00  0.000000e+00  0.000000e+00  1.800000e+00  1.800000e+00  0.000000e+00  0.000000e+00  0.000000e+00  1.806773e+00  0.000000e+00  3.997343e-07  9.996175e-07  3.192654e-09  1.669726e-05 -6.653598e-12  1.806773e+00  1.990000e+02 
 0.000000e+00  0.000000e+00  0.000000e+00  0.000000e+00  1.800000e+00  0.000000e+00  0.000000e+00  1.800000e+00  1.800000e+00  0.000000e+00  0.000000e+00  0.000000e+00  1.810683e+00  0.000000e+00  3.997343e-07  9.996175e-07  3.224727e-09  1.670030e-05  7.546812e-12  1.810683e+00  2.000000e+02 
 0.000000e+00  1.800000e+00  0.000000e+00  0.000000e+00  1.800000e+00  0.000000e+00  0.000000e+00  1.800000e+00  1.800000e+00  0.000000e+00  0.000000e+00  0.000000e+00  1.815449e+00  0.000000e+00  3.997347e-07  9.996194e-07 -1.130370e-09  2.079257e-05  1.418668e-10  1.815450e+00  2.010000e+02 
 0.000000e+00  1.800000e+00  1.800000e+00  0.000000e+00  1.800000e+00  0.000000e+00  0.000000e+00  1.800000e+00  1.800000e+00  0.000000e+00  0.000000e+00  0.000000e+00  1.824700e+00  0.000000e+00  3.997343e-07  9.996174e-07  3.220686e-09  1.670948e-05  5.706680e-12  1.824700e+00  2.030000e+02 
 0.000000e+00  0.000000e+00  0.000000e+00  1.800000e+00  1.800000e+00  0.000000e+00  0.000000e+00  1.800000e+00  1.800000e+00  0.000000e+00  0.000000e+00  0.000000e+00  1.828915e+00  0.000000e+00  3.997346e-07  9.996175e-07  2.909568e-09  1.666922e-05  8.515224e-11  1.828915e+00  2.040000e+02 
 0.000000e+00  1.800000e+00  0.000000e+00  1.800000e+00  1.800000e+00  0.000000e+00  0.000000e+00  1.800000e+00  1.800000e+00  0.000000e+00  0.000000e+00  0.000000e+00  1.833272e+00  0.000000e+00  3.997345e-07  9.996170e-07 -2.724783e-09  1.618143e-05 -1.593122e-11  1.833272e+00  2.050000e+02 
 0.000000e+00  0.000000e+00  1.800000e+00  1.800000e+00  1.800000e+00  0.000000e+00  0.000000e+00  1.800000e+00  1.800000e+00  0.000000e+00  0.000000e+00  0.000000e+00  1.837375e+00  0.000000e+00  3.997343e-07  9.996175e-07  2.926262e-09  1.666744e-05 -1.510727e-10  1.837373e+00  2.060000e+02 
 0.000000e+00  1.800000e+00  1.800000e+00  1.800000e+00  1.800000e+00  0.000000e+00  0.000000e+00  1.800000e+00  1.800000e+00  0.000000e+00  0.000000e+00  0.000000e+00  1.841358e+00  0.000000e+00  3.997343e-07  9.996175e-07  3.177683e-09  1.669911e-05  1.450950e-11  1.841358e+00  2.070000e+02 
 0.000000e+00  0.000000e+00  0.000000e+00  0.000000e+00  0.000000e+00  1.800000e+00  0.000000e+00  1.800000e+00  1.800000e+00  0.000000e+00  0.000000e+00  0.000000e+00  1.845138e+00  0.000000e+00  3.997343e-07  9.996175e-07  3.238347e-09  1.669665e-05 -1.092099e-11  1.845138e+00  2.080000e+02 
 0.000000e+00  1.800000e+00  0.000000e+00  0.000000e+00  0.000000e+00  1.800000e+00  0.000000e+00  1.800000e+00  1.800000e+00  0.000000e+00  0.000000e+00  0.000000e+00  1.848827e+00  0.000000e+00  3.997343e-07  9.996175e-07  3.223990e-09  1.669565e-05  2.888334e-11  1.848827e+00  2.090000e+02 
 0.000000e+00  0.000000e+00  1.800000e+00  0.000000e+00  0.000000e+00  1.800000e+00  0.000000e+00  1.800000e+00  1.800000e+00  0.000000e+00  0.000000e+00  0.000000e+00  1.852630e+00  0.000000e+00  3.997343e-07  9.996175e-07  3.222482e-09  1.668769e-05 -2.175187e-11  1.852630e+00  2.100000e+02 
 0.000000e+00  1.800000e+00  1.800000e+00  0.000000e+00  0.000000e+00  1.800000e+00  0.000000e+00  1.800000e+00  1.800000e+00  0.000000e+00  0.000000e+00  0.000000e+00  1.856678e+00  0.000000e+00  3.997648e-07  9.996968e-07 -2.861494e-06 -8.621066e-05  5.857995e-09  1.856737e+00  2.110000e+02 
 0.000000e+00  0.000000e+00  0.000000e+00  1.800000e+00  0.000000e+00  1.800000e+00  0.000000e+00  1.800000e+00  1.800000e+00  0.000000e+00  0.000000e+00  0.000000e+00  1.860614e+00  0.000000e+00  3.997343e-07  9.996175e-07  3.247609e-09  1.668303e-05 -1.207751e-10  1.860613e+00  2.120000e+02 
 0.000000e+00  1.800000e+00  0.000000e+00  1.800000e+00  0.000000e+00  1.800000e+00  0.000000e+00  1.800000e+00  1.800000e+00  0.000000e+00  0.000000e+00  0.000000e+00  1.864958e+00  0.000000e+00  3.997345e-07  9.996149e-07 -5.185555e-09  1.410564e-05 -2.151241e-12  1.864958e+00  2.130000e+02 
 0.000000e+00  0.000000e+00  1.800000e+00  1.800000e+00  0.000000e+00  1.800000e+00  0.000000e+00  1.800000e+00  1.800000e+00  0.000000e+00  0.000000e+00  0.000000e+00  1.869323e+00  0.000000e+00  3.997343e-07  9.996175e-07  3.208100e-09  1.669333e-05  2.260634e-11  1.869323e+00  2.140000e+02 
 0.000000e+00  0.000000e+00  0.000000e+00  0.000000e+00  1.800000e+00  1.800000e+00  0.000000e+00  1.800000e+00  1.800000e+00  0.000000e+00  0.000000e+00  0.000000e+00  1.877623e+00  0.000000e+00  3.997343e-07  9.996175e-07  3.220602e-09  1.668388e-05  5.233729e-11  1.877624e+00  2.160000e+02 
 0.000000e+00  1.800000e+00  0.000000e+00  0.000000e+00  1.800000e+00  1.800000e+00  0.000000e+00  1.800000e+00  1.800000e+00  0.000000e+00  0.000000e+00  0.000000e+00  1.882210e+00  0.000000e+00  3.997339e-07  9.996172e-07 -1.460804e-08  1.641097e-05 -2.071287e-11  1.882210e+00  2.170000e+02 
 0.000000e+00  0.000000e+00  1.800000e+00  0.000000e+00  1.800000e+00  1.800000e+00  0.000000e+00  1.800000e+00  1.800000e+00  0.000000e+00  0.000000e+00  0.000000e+00  1.886657e+00  0.000000e+00  3.997332e-07  9.996196e-07 -1.189008e-08  1.906133e-05  1.171193e-10  1.886659e+00  2.180000e+02 
 0.000000e+00  1.800000e+00  1.800000e+00  0.000000e+00  1.800000e+00  1.800000e+00  0.000000e+00  1.800000e+00  1.800000e+00  0.000000e+00  0.000000e+00  0.000000e+00  1.891125e+00  0.000000e+00  3.997344e-07  9.996156e-07  1.268964e-08  1.312722e-05 -7.259864e-12  1.891125e+00  2.190000e+02 
 0.000000e+00  0.000000e+00  0.000000e+00  1.800000e+00  1.800000e+00  1.800000e+00  0.000000e+00  1.800000e+00  1.800000e+00  0.000000e+00  0.000000e+00  0.000000e+00  1.895192e+00  0.000000e+00  3.997340e-07  9.996187e-07 -1.356189e-08  1.787103e-05  2.370572e-10  1.895194e+00  2.200000e+02 
 0.000000e+00  1.800000e+00  0.000000e+00  1.800000e+00  1.800000e+00  1.800000e+00  0.000000e+00  1.800000e+00  1.800000e+00  0.000000e+00  0.000000e+00  0.000000e+00  1.899412e+00  0.000000e+00  3.997343e-07  9.996175e-07  3.191058e-09  1.668654e-05  1.411625e-11  1.899412e+00  2.210000e+02 
 0.000000e+00  0.000000e+00  1.800000e+00  1.800000e+00  1.800000e+00  1.800000e+00  0.000000e+00  1.800000e+00  1.800000e+00  0.000000e+00  0.000000e+00  0.000000e+00  1.903393e+00  0.000000e+00  3.997343e-07  9.996175e-07  3.192240e-09  1.668982e-05  3.612155e-12  1.903393e+00  2.220000e+02 
 0.000000e+00  1.800000e+00  1.800000e+00  1.800000e+00  1.800000e+00  1.800000e+00  0.000000e+00  1.800000e+00  1.800000e+00  0.000000e+00  0.000000e+00  0.000000e+00  1.907271e+00  0.000000e+00  3.997345e-07  9.996175e-07  2.808015e-09  1.667138e-05  9.047496e-11  1.907271e+00  2.230000e+02 
 0.000000e+00  0.000000e+00  0.000000e+00  0.000000e+00  0.000000e+00  0.000000e+00  1.800000e+00  1.800000e+00  1.800000e+00  0.000000e+00  0.000000e+00  0.000000e+00  1.910960e+00  0.000000e+00  3.997343e-07  9.996175e-07  3.228182e-09  1.669014e-05  3.499660e-12  1.910960e+00  2.240000e+02 
 0.000000e+00  1.800000e+00  0.000000e+00  0.000000e+00  0.000000e+00  0.000000e+00  1.800000e+00  1.800000e+00  1.800000e+00  0.000000e+00  0.000000e+00  0.000000e+00  1.914562e+00  0.000000e+00  3.997683e-07  9.997026e-07 -3.034797e-06 -8.353883e-05  6.632775e-09  1.914628e+00  2.250000e+02 
 0.000000e+00  0.000000e+00  1.800000e+00  0.000000e+00  0.000000e+00  0.000000e+00  1.800000e+00  1.800000e+00  1.800000e+00  0.000000e+00  0.000000e+00  0.000000e+00  1.918264e+00  0.000000e+00  3.997343e-07  9.996175e-07  3.245170e-09  1.668326e-05 -1.459441e-10  1.918263e+00  2.260000e+02 
 0.000000e+00  1.800000e+00  1.800000e+00  0.000000e+00  0.000000e+00  0.000000e+00  1.800000e+00  1.800000e+00  1.800000e+00  0.000000e+00  0.000000e+00  0.000000e+00  1.922197e+00  0.000000e+00  3.997343e-07  9.996175e-07  3.196229e-09  1.669253e-05 -1.979332e-11  1.922196e+00  2.270000e+02 
 0.000000e+00  0.000000e+00  0.000000e+00  1.800000e+00  0.000000e+00  0.000000e+00  1.800000e+00  1.800000e+00  1.800000e+00  0.000000e+00  0.000000e+00  0.000000e+00  1.926007e+00  0.000000e+00  3.997354e-07  9.996142e-07  2.353719e-08  1.250384e-05 -7.995849e-11  1.926006e+00  2.280000e+02 
 0.000000e+00  1.800000e+00  0.000000e+00  1.800000e+00  0.000000e+00  0.000000e+00  1.800000e+00  1.800000e+00  1.800000e+00  0.000000e+00  0.000000e+00  0.000000e+00  1.930209e+00  0.000000e+00  3.997345e-07  9.996179e-07  2.817658e-09  1.803213e-05  2.604342e-10  1.930211e+00  2.290000e+02 
 0.000000e+00  0.000000e+00  1.800000e+00  1.800000e+00  0.000000e+00  0.000000e+00  1.800000e+00  1.800000e+00  1.800000e+00  0.000000e+00  0.000000e+00  0.000000e+00  1.934423e+00  0.000000e+00  3.997704e-07  9.997110e-07 -3.014773e-06 -8.410594e-05  7.421374e-09  1.934497e+00  2.300000e+02 
 0.000000e+00  1.800000e+00  1.800000e+00  1.800000e+00  0.000000e+00  0.000000e+00  1.800000e+00  1.800000e+00  1.800000e+00  0.000000e+00  0.000000e+00  0.000000e+00  1.938807e+00  0.000000e+00  3.997343e-07  9.996175e-07  3.182535e-09  1.671878e-05 -2.734493e-11  1.938807e+00  2.310000e+02 
 0.000000e+00  0.000000e+00  0.000000e+00  0.000000e+00  1.800000e+00  0.000000e+00  1.800000e+00  1.800000e+00  1.800000e+00  0.000000e+00  0.000000e+00  0.000000e+00  1.942418e+00  0.000000e+00  3.997346e-07  9.996175e-07  2.908199e-09  1.665991e-05  1.229879e-10  1.942419e+00  2.320000e+02 
 0.000000e+00  1.800000e+00  0.000000e+00  0.000000e+00  1.800000e+00  0.000000e+00  1.800000e+00  1.800000e+00  1.800000e+00  0.000000e+00  0.000000e+00  0.000000e+00  1.946838e+00  0.000000e+00  3.997346e-07  9.996157e-07  1.387563e-08  1.609008e-05 -2.594777e-11  1.946838e+00  2.330000e+02 
 0.000000e+00  0.000000e+00  1.800000e+00  0.000000e+00  1.800000e+00  0.000000e+00  1.800000e+00  1.800000e+00  1.800000e+00  0.000000e+00  0.000000e+00  0.000000e+00  1.951126e+00  0.000000e+00  3.997343e-07  9.996175e-07  3.196181e-09  1.668310e-05  3.449027e-11  1.951126e+00  2.340000e+02 
 0.000000e+00  1.800000e+00  1.800000e+00  0.000000e+00  1.800000e+00  0.000000e+00  1.800000e+00  1.800000e+00  1.800000e+00  0.000000e+00  0.000000e+00  0.000000e+00  1.955439e+00  0.000000e+00  3.997341e-07  9.996174e-07  3.496641e-09  1.671057e-05 -6.743618e-11  1.955439e+00  2.350000e+02 
 0.000000e+00  0.000000e+00  0.000000e+00  1.800000e+00  1.800000e+00  0.000000e+00  1.800000e+00  1.800000e+00  1.800000e+00  0.000000e+00  0.000000e+00  0.000000e+00  1.959369e+00  0.000000e+00  3.997662e-07  9.996995e-07 -2.904688e-06 -8.129530e-05  6.543387e-09  1.959434e+00  2.360000e+02 
 0.000000e+00  1.800000e+00  0.000000e+00  1.800000e+00  1.800000e+00  0.000000e+00  1.800000e+00  1.800000e+00  1.800000e+00  0.000000e+00  0.000000e+00  0.000000e+00  1.963458e+00  0.000000e+00  3.997341e-07  9.996170e-07  6.395185e-09  1.672542e-05  1.367692e-10  1.963459e+00  2.370000e+02 
 0.000000e+00  0.000000e+00  1.800000e+00  1.800000e+00  1.800000e+00  0.000000e+00  1.800000e+00  1.800000e+00  1.800000e+00  0.000000e+00  0.000000e+00  0.000000e+00  1.967323e+00  0.000000e+00  3.997002e-07  9.995425e-07  2.835008e-06  1.271356e-04 -4.791175e-09  1.967275e+00  2.380000e+02 
 0.000000e+00  1.800000e+00  1.800000e+00  1.800000e+00  1.800000e+00  0.000000e+00  1.800000e+00  1.800000e+00  1.800000e+00  0.000000e+00  0.000000e+00  0.000000e+00  1.971099e+00  0.000000e+00  3.997344e-07  9.996174e-07  5.666644e-09  1.670519e-05  2.893949e-11  1.971099e+00  2.390000e+02 
 0.000000e+00  0.000000e+00  0.000000e+00  0.000000e+00  0.000000e+00  1.800000e+00  1.800000e+00  1.800000e+00  1.800000e+00  0.000000e+00  0.000000e+00  0.000000e+00  1.974704e+00  0.000000e+00  3.997350e-07  9.996176e-07 -1.121965e-09  1.647218e-05 -3.288959e-11  1.974704e+00  2.400000e+02 
 0.000000e+00  1.800000e+00  0.000000e+00  0.000000e+00  0.000000e+00  1.800000e+00  1.800000e+00  1.800000e+00  1.800000e+00  0.000000e+00  0.000000e+00  0.000000e+00  1.978211e+00  0.000000e+00  3.997343e-07  9.996175e-07  3.205288e-09  1.668803e-05  1.825795e-11  1.978212e+00  2.410000e+02 
 0.000000e+00  0.000000e+00  1.800000e+00  0.000000e+00  0.000000e+00  1.800000e+00  1.800000e+00  1.800000e+00  1.800000e+00  0.000000e+00  0.000000e+00  0.000000e+00  1.981806e+00  0.000000e+00  3.997345e-07  9.996167e-07  2.257640e-08  1.668242e-05 -6.995781e-11  1.981805e+00  2.420000e+02 
 0.000000e+00  1.800000e+00  1.800000e+00  0.000000e+00  0.000000e+00  1.800000e+00  1.800000e+00  1.800000e+00  1.800000e+00  0.000000e+00  0.000000e+00  0.000000e+00  1.985616e+00  0.000000e+00  3.997343e-07  9.996175e-07  3.204408e-09  1.667109e-05  3.972477e-11  1.985617e+00  2.430000e+02 
 0.000000e+00  0.000000e+00  0.000000e+00  1.800000e+00  0.000000e+00  1.800000e+00  1.800000e+00  1.800000e+00  1.800000e+00  0.000000e+00  0.000000e+00  0.000000e+00  1.989295e+00  0.000000e+00  3.997344e-07  9.996175e-07  3.205182e-09  1.666011e-05  3.700652e-11  1.989295e+00  2.440000e+02 
 0.000000e+00  1.800000e+00  0.000000e+00  1.800000e+00  0.000000e+00  1.800000e+00  1.800000e+00  1.800000e+00  1.800000e+00  0.000000e+00  0.000000e+00  0.000000e+00  1.993348e+00  0.000000e+00  3.997352e-07  9.996167e-07  3.208929e-09  1.614698e-05  1.848679e-10  1.993350e+00  2.450000e+02 
 0.000000e+00  0.000000e+00  1.800000e+00  1.800000e+00  0.000000e+00  1.800000e+00  1.800000e+00  1.800000e+00  1.800000e+00  0.000000e+00  0.000000e+00  0.000000e+00  1.997404e+00  0.000000e+00  3.997356e-07  9.996165e-07  1.539281e-08  1.462679e-05 -2.940769e-11  1.997404e+00  2.460000e+02 
 0.000000e+00  1.800000e+00  1.800000e+00  1.800000e+00  0.000000e+00  1.800000e+00  1.800000e+00  1.800000e+00  1.800000e+00  0.000000e+00  0.000000e+00  0.000000e+00  2.001620e+00  0.000000e+00  3.997343e-07  9.996174e-07  4.969152e-09  1.669783e-05  5.939607e-12  2.001620e+00  2.470000e+02 
 0.000000e+00  0.000000e+00  0.000000e+00  0.000000e+00  1.800000e+00  1.800000e+00  1.800000e+00  1.800000e+00  1.800000e+00  0.000000e+00  0.000000e+00  0.000000e+00  2.005084e+00  0.000000e+00  3.997598e-07  9.999426e-07 -4.557868e-05 -3.396779e-04  1.222548e-08  2.005206e+00  2.480000e+02 
 0.000000e+00  1.800000e+00  0.000000e+00  0.000000e+00  1.800000e+00  1.800000e+00  1.800000e+00  1.800000e+00  1.800000e+00  0.000000e+00  0.000000e+00  0.000000e+00  2.009332e+00  0.000000e+00  3.997343e-07  9.996175e-07  3.233417e-09  1.667334e-05  5.912199e-11  2.009332e+00  2.490000e+02 
 0.000000e+00  0.000000e+00  1.800000e+00  0.000000e+00  1.800000e+00  1.800000e+00  1.800000e+00  1.800000e+00  1.800000e+00  0.000000e+00  0.000000e+00  0.000000e+00  2.013453e+00  0.000000e+00  3.997343e-07  9.996175e-07  3.203340e-09  1.667760e-05 -1.341880e-10  2.013452e+00  2.500000e+02 
 0.000000e+00  1.800000e+00  1.800000e+00  0.000000e+00  1.800000e+00  1.800000e+00  1.800000e+00  1.800000e+00  1.800000e+00  0.000000e+00  0.000000e+00  0.000000e+00  2.017606e+00  0.000000e+00  3.997343e-07  9.996175e-07  3.175846e-09  1.668496e-05  2.503532e-11  2.017607e+00  2.510000e+02 
 0.000000e+00  0.000000e+00  0.000000e+00  1.800000e+00  1.800000e+00  1.800000e+00  1.800000e+00  1.800000e+00  1.800000e+00  0.000000e+00  0.000000e+00  0.000000e+00  2.021392e+00  0.000000e+00  3.997346e-07  9.996130e-07  2.907726e-08  1.055089e-05 -9.994863e-11  2.021391e+00  2.520000e+02 
 0.000000e+00  1.800000e+00  0.000000e+00  1.800000e+00  1.800000e+00  1.800000e+00  1.800000e+00  1.800000e+00  1.800000e+00  0.000000e+00  0.000000e+00  0.000000e+00  2.025344e+00  0.000000e+00  3.997343e-07  9.996174e-07  3.236445e-09  1.666919e-05 -8.263456e-11  2.025343e+00  2.530000e+02 
 0.000000e+00  0.000000e+00  1.800000e+00  1.800000e+00  1.800000e+00  1.800000e+00  1.800000e+00  1.800000e+00  1.800000e+00  0.000000e+00  0.000000e+00  0.000000e+00  2.029086e+00  0.000000e+00  3.997342e-07  9.996175e-07  5.054964e-09  1.670095e-05 -1.862237e-11  2.029086e+00  2.540000e+02 
 0.000000e+00  1.800000e+00  1.800000e+00  1.800000e+00  1.800000e+00  1.800000e+00  1.800000e+00  1.800000e+00  1.800000e+00  0.000000e+00  0.000000e+00  0.000000e+00  2.032754e+00  0.000000e+00  3.997343e-07  9.996175e-07  3.160778e-09  1.668157e-05 -3.562263e-11  2.032753e+00  2.550000e+02 
 0.000000e+00  0.000000e+00  0.000000e+00  0.000000e+00  0.000000e+00  0.000000e+00  0.000000e+00  0.000000e+00  0.000000e+00  1.800000e+00  0.000000e+00  0.000000e+00  2.036258e+00  0.000000e+00  3.997343e-07  9.996174e-07  5.492503e-09  1.669078e-05  3.525227e-11  2.036258e+00  2.560000e+02 
 0.000000e+00  1.800000e+00  0.000000e+00  0.000000e+00  0.000000e+00  0.000000e+00  0.000000e+00  0.000000e+00  0.000000e+00  1.800000e+00  0.000000e+00  0.000000e+00  2.039698e+00  0.000000e+00  3.997343e-07  9.996175e-07  1.103717e-09  1.666767e-05 -4.146816e-11  2.039697e+00  2.570000e+02 
 0.000000e+00  0.000000e+00  1.800000e+00  0.000000e+00  0.000000e+00  0.000000e+00  0.000000e+00  0.000000e+00  0.000000e+00  1.800000e+00  0.000000e+00  0.000000e+00  2.043214e+00  0.000000e+00  3.997343e-07  9.996175e-07  1.148864e-09  1.666568e-05  2.548742e-11  2.043214e+00  2.580000e+02 
 0.000000e+00  1.800000e+00  1.800000e+00  0.000000e+00  0.000000e+00  0.000000e+00  0.000000e+00  0.000000e+00  0.000000e+00  1.800000e+00  0.000000e+00  0.000000e+00  2.046936e+00  0.000000e+00  3.997343e-07  9.996175e-07  3.578906e-09  1.668761e-05  2.600586e-11  2.046936e+00  2.590000e+02 
 0.000000e+00  0.000000e+00  0.000000e+00  1.800000e+00  0.000000e+00  0.000000e+00  0.000000e+00  0.000000e+00  0.000000e+00  1.800000e+00  0.000000e+00  0.000000e+00  2.050520e+00  0.000000e+00  3.997342e-07  9.996179e-07  1.276644e-08  1.870152e-05  5.399109e-11  2.050520e+00  2.600000e+02 
 0.000000e+00  1.800000e+00  0.000000e+00  1.800000e+00  0.000000e+00  0.000000e+00  0.000000e+00  0.000000e+00  0.000000e+00  1.800000e+00  0.000000e+00  0.000000e+00  2.054467e+00  0.000000e+00  3.997343e-07  9.996175e-07  3.293046e-09  1.667778e-05  1.299558e-11  2.054467e+00  2.610000e+02 
 0.000000e+00  0.000000e+00  1.800000e+00  1.800000e+00  0.000000e+00  0.000000e+00  0.000000e+00  0.000000e+00  0.000000e+00  1.800000e+00  0.000000e+00  0.000000e+00  2.058411e+00  0.000000e+00  3.997343e-07  9.996175e-07  3.295097e-09  1.668260e-05  5.893208e-12  2.058411e+00  2.620000e+02 
 0.000000e+00  1.800000e+00  1.800000e+00  1.800000e+00  0.000000e+00  0.000000e+00  0.000000e+00  0.000000e+00  0.000000e+00  1.800000e+00  0.000000e+00  0.000000e+00  2.062508e+00  0.000000e+00  3.997341e-07  9.996175e-07  3.556530e-09  1.670093e-05 -6.655796e-11  2.062507e+00  2.630000e+02 
 0.000000e+00  0.000000e+00  0.000000e+00  0.000000e+00  1.800000e+00  0.000000e+00  0.000000e+00  0.000000e+00  0.000000e+00  1.800000e+00  0.000000e+00  0.000000e+00  2.065866e+00  0.000000e+00  3.997344e-07  9.996175e-07  5.387146e-09  1.668976e-05  5.159019e-11  2.065866e+00  2.640000e+02 
 0.000000e+00  1.800000e+00  0.000000e+00  0.000000e+00  1.800000e+00  0.000000e+00  0.000000e+00  0.000000e+00  0.000000e+00  1.800000e+00  0.000000e+00  0.000000e+00  2.069992e+00  0.000000e+00  3.997341e-07  9.996175e-07  3.583321e-09  1.669706e-05 -6.023545e-11  2.069991e+00  2.650000e+02 
 0.000000e+00  0.000000e+00  1.800000e+00  0.000000e+00  1.800000e+00  0.000000e+00  0.000000e+00  0.000000e+00  0.000000e+00  1.800000e+00  0.000000e+00  0.000000e+00  2.073996e+00  0.000000e+00  3.997343e-07  9.996175e-07  1.171571e-09  1.665983e-05  2.288769e-11  2.073996e+00  2.660000e+02 
 0.000000e+00  1.800000e+00  1.800000e+00  0.000000e+00  1.800000e+00  0.000000e+00  0.000000e+00  0.000000e+00  0.000000e+00  1.800000e+00  0.000000e+00  0.000000e+00  2.078035e+00  0.000000e+00  3.997343e-07  9.996175e-07  3.314019e-09  1.668286e-05 -2.133182e-11  2.078035e+00  2.670000e+02 
 0.000000e+00  0.000000e+00  0.000000e+00  1.800000e+00  1.800000e+00  0.000000e+00  0.000000e+00  0.000000e+00  0.000000e+00  1.800000e+00  0.000000e+00  0.000000e+00  2.081717e+00  0.000000e+00  3.997343e-07  9.996175e-07  1.189864e-09  1.667535e-05  2.265855e-11  2.081717e+00  2.680000e+02 
 0.000000e+00  1.800000e+00  0.000000e+00  1.800000e+00  1.800000e+00  0.000000e+00  0.000000e+00  0.000000e+00  0.000000e+00  1.800000e+00  0.000000e+00  0.000000e+00  2.085570e+00  0.000000e+00  3.997343e-07  9.996175e-07  3.277699e-09  1.668116e-05  4.927689e-11  2.085571e+00  2.690000e+02 
 0.000000e+00  0.000000e+00  1.800000e+00  1.800000e+00  1.800000e+00  0.000000e+00  0.000000e+00  0.000000e+00  0.000000e+00  1.800000e+00  0.000000e+00  0.000000e+00  2.089224e+00  0.000000e+00  3.997345e-07  9.996179e-07  2.291240e-10  1.658346e-05  5.929706e-11  2.089225e+00  2.700000e+02 
 0.000000e+00  1.800000e+00  1.800000e+00  1.800000e+00  1.800000e+00  0.000000e+00  0.000000e+00  0.000000e+00  0.000000e+00  1.800000e+00  0.000000e+00  0.000000e+00  2.092812e+00  0.000000e+00  3.997642e-07  9.997035e-07 -2.881044e-06 -7.649746e-05  5.589106e-09  2.092868e+00  2.710000e+02 
 0.000000e+00  0.000000e+00  0.000000e+00  0.000000e+00  0.000000e+00  1.800000e+00  0.000000e+00  0.000000e+00  0.000000e+00  1.800000e+00  0.000000e+00  0.000000e+00  2.096250e+00  0.000000e+00  3.997675e-07  9.996971e-07 -3.073256e-06 -8.775196e-05  6.636062e-09  2.096316e+00  2.720000e+02 
 0.000000e+00  1.800000e+00  0.000000e+00  0.000000e+00  0.000000e+00  1.800000e+00  0.000000e+00  0.000000e+00  0.000000e+00  1.800000e+00  0.000000e+00  0.000000e+00  2.099637e+00  0.000000e+00  3.997341e-07  9.996167e-07  5.880412e-09  1.623519e-05  7.808065e-11  2.099637e+00  2.730000e+02 
 0.000000e+00  0.000000e+00  1.800000e+00  0.000000e+00  0.000000e+00  1.800000e+00  0.000000e+00  0.000000e+00  0.000000e+00  1.800000e+00  0.000000e+00  0.000000e+00  2.103094e+00  0.000000e+00  3.997346e-07  9.996163e-07 -3.053476e-09  1.511536e-05  1.952184e-10  2.103096e+00  2.740000e+02 
 0.000000e+00  1.800000e+00  1.800000e+00  0.000000e+00  0.000000e+00  1.800000e+00  0.000000e+00  0.000000e+00  0.000000e+00  1.800000e+00  0.000000e+00  0.000000e+00  2.106751e+00  0.000000e+00  3.997343e-07  9.996175e-07  3.295491e-09  1.668286e-05  3.211160e-11  2.106752e+00  2.750000e+02 
 0.000000e+00  0.000000e+00  0.000000e+00  1.800000e+00  0.000000e+00  1.800000e+00  0.000000e+00  0.000000e+00  0.000000e+00  1.800000e+00  0.000000e+00  0.000000e+00  2.110266e+00  0.000000e+00  3.997644e-07  9.996991e-07 -2.968328e-06 -8.537638e-05  5.825877e-09  2.110324e+00  2.760000e+02 
 0.000000e+00  1.800000e+00  0.000000e+00  1.800000e+00  0.000000e+00  1.800000e+00  0.000000e+00  0.000000e+00  0.000000e+00  1.800000e+00  0.000000e+00  0.000000e+00  2.114135e+00  0.000000e+00  3.997343e-07  9.996175e-07  3.294154e-09  1.667782e-05  3.842093e-12  2.114135e+00  2.770000e+02 
 0.000000e+00  0.000000e+00  1.800000e+00  1.800000e+00  0.000000e+00  1.800000e+00  0.000000e+00  0.000000e+00  0.000000e+00  1.800000e+00  0.000000e+00  0.000000e+00  2.117998e+00  0.000000e+00  3.997343e-07  9.996175e-07  1.363449e-09  1.665717e-05  1.343134e-11  2.117998e+00  2.780000e+02 
 0.000000e+00  1.800000e+00  1.800000e+00  1.800000e+00  0.000000e+00  1.800000e+00  0.000000e+00  0.000000e+00  0.000000e+00  1.800000e+00  0.000000e+00  0.000000e+00  2.122008e+00  0.000000e+00  3.997343e-07  9.996175e-07  3.316714e-09  1.668177e-05 -1.807009e-10  2.122006e+00  2.790000e+02 
 0.000000e+00  0.000000e+00  0.000000e+00  0.000000e+00  1.800000e+00  1.800000e+00  0.000000e+00  0.000000e+00  0.000000e+00  1.800000e+00  0.000000e+00  0.000000e+00  2.125290e+00  0.000000e+00  3.997343e-07  9.996175e-07  1.227916e-09  1.665100e-05 -7.688876e-12  2.125290e+00  2.800000e+02 
 0.000000e+00  1.800000e+00  0.000000e+00  0.000000e+00  1.800000e+00  1.800000e+00  0.000000e+00  0.000000e+00  0.000000e+00  1.800000e+00  0.000000e+00  0.000000e+00  2.129328e+00  0.000000e+00  3.997346e-07  9.996186e-07 -1.159183e-08  1.670722e-05  4.577148e-11  2.129328e+00  2.810000e+02 
 0.000000e+00  0.000000e+00  1.800000e+00  0.000000e+00  1.800000e+00  1.800000e+00  0.000000e+00  0.000000e+00  0.000000e+00  1.800000e+00  0.000000e+00  0.000000e+00  2.133246e+00  0.000000e+00  3.997342e-07  9.996185e-07  2.967189e-09  1.689994e-05  1.750714e-10  2.133248e+00  2.820000e+02 
 0.000000e+00  1.800000e+00  1.800000e+00  0.000000e+00  1.800000e+00  1.800000e+00  0.000000e+00  0.000000e+00  0.000000e+00  1.800000e+00  0.000000e+00  0.000000e+00  2.137202e+00  0.000000e+00  3.997342e-07  9.996185e-07 -8.603433e-09  1.560464e-05 -6.918054e-13  2.137202e+00  2.830000e+02 
 0.000000e+00  0.000000e+00  0.000000e+00  1.800000e+00  1.800000e+00  1.800000e+00  0.000000e+00  0.000000e+00  0.000000e+00  1.800000e+00  0.000000e+00  0.000000e+00  2.140809e+00  0.000000e+00  3.997343e-07  9.996175e-07  3.294115e-09  1.668662e-05 -3.562736e-11  2.140809e+00  2.840000e+02 
 0.000000e+00  1.800000e+00  0.000000e+00  1.800000e+00  1.800000e+00  1.800000e+00  0.000000e+00  0.000000e+00  0.000000e+00  1.800000e+00  0.000000e+00  0.000000e+00  2.144590e+00  0.000000e+00  3.997359e-07  9.996188e-07 -8.632860e-09  1.544888e-05  2.255767e-10  2.144592e+00  2.850000e+02 
 0.000000e+00  0.000000e+00  1.800000e+00  1.800000e+00  1.800000e+00  1.800000e+00  0.000000e+00  0.000000e+00  0.000000e+00  1.800000e+00  0.000000e+00  0.000000e+00  2.148179e+00  0.000000e+00  3.997013e-07  9.995297e-07  2.898139e-06  1.182730e-04 -6.780059e-09  2.148111e+00  2.860000e+02 
 0.000000e+00  1.800000e+00  1.800000e+00  1.800000e+00  1.800000e+00  1.800000e+00  0.000000e+00  0.000000e+00  0.000000e+00  1.800000e+00  0.000000e+00  0.000000e+00  2.151709e+00  0.000000e+00  3.997073e-07  9.995354e-07  2.748344e-06  1.176562e-04 -5.315848e-09  2.151655e+00  2.870000e+02 
 0.000000e+00  0.000000e+00  0.000000e+00  0.000000e+00  0.000000e+00  0.000000e+00  1.800000e+00  0.000000e+00  0.000000e+00  1.800000e+00  0.000000e+00  0.000000e+00  2.155096e+00  0.000000e+00  3.997343e-07  9.996175e-07  3.312488e-09  1.667653e-05  1.170490e-11  2.155096e+00  2.880000e+02 
 0.000000e+00  1.800000e+00  0.000000e+00  0.000000e+00  0.000000e+00  0.000000e+00  1.800000e+00  0.000000e+00  0.000000e+00  1.800000e+00  0.000000e+00  0.000000e+00  2.158412e+00  0.000000e+00  3.997343e-07  9.996175e-07  3.097077e-09  1.664443e-05  1.515909e-10  2.158413e+00  2.890000e+02 
 0.000000e+00  1.800000e+00  1.800000e+00  0.000000e+00  0.000000e+00  0.000000e+00  1.800000e+00  0.000000e+00  0.000000e+00  1.800000e+00  0.000000e+00  0.000000e+00  2.165357e+00  0.000000e+00  3.997343e-07  9.996175e-07  3.291196e-09  1.668162e-05  3.138320e-11  2.165357e+00  2.910000e+02 
