 frequency       out             out             load            load           
 1.00000000e+00  2.51282511e+03 -1.34992390e+00  2.51282511e+03 -1.35466046e+00 
 1.02329299e+00  2.51282508e+03 -1.38136764e+00  2.51282507e+03 -1.38621454e+00 
 1.04712855e+00  2.51282504e+03 -1.41354381e+00  2.51282504e+03 -1.41850360e+00 
 1.07151931e+00  2.51282500e+03 -1.44646945e+00  2.51282500e+03 -1.45154477e+00 
 1.09647820e+00  2.51282496e+03 -1.48016203e+00  2.51282496e+03 -1.48535557e+00 
 1.12201845e+00  2.51282492e+03 -1.51463941e+00  2.51282492e+03 -1.51995392e+00 
 1.14815362e+00  2.51282488e+03 -1.54991987e+00  2.51282488e+03 -1.55535817e+00 
 1.17489755e+00  2.51282484e+03 -1.58602211e+00  2.51282483e+03 -1.59158709e+00 
 1.20226443e+00  2.51282479e+03 -1.62296528e+00  2.51282479e+03 -1.62865988e+00 
 1.23026877e+00  2.51282474e+03 -1.66076897e+00  2.51282474e+03 -1.66659621e+00 
 1.25892541e+00  2.51282469e+03 -1.69945321e+00  2.51282468e+03 -1.70541619e+00 
 1.28824955e+00  2.51282463e+03 -1.73903853e+00  2.51282463e+03 -1.74514040e+00 
 1.31825674e+00  2.51282458e+03 -1.77954590e+00  2.51282457e+03 -1.78578990e+00 
 1.34896288e+00  2.51282452e+03 -1.82099680e+00  2.51282451e+03 -1.82738625e+00 
 1.38038426e+00  2.51282446e+03 -1.86341322e+00  2.51282445e+03 -1.86995150e+00 
 1.41253754e+00  2.51282439e+03 -1.90681764e+00  2.51282439e+03 -1.91350822e+00 
 1.44543977e+00  2.51282432e+03 -1.95123308e+00  2.51282432e+03 -1.95807950e+00 
 1.47910839e+00  2.51282425e+03 -1.99668308e+00  2.51282425e+03 -2.00368897e+00 
 1.51356125e+00  2.51282418e+03 -2.04319175e+00  2.51282417e+03 -2.05036082e+00 
 1.54881662e+00  2.51282410e+03 -2.09078373e+00  2.51282410e+03 -2.09811980e+00 
 1.58489319e+00  2.51282402e+03 -2.13948427e+00  2.51282401e+03 -2.14699122e+00 
 1.62181010e+00  2.51282394e+03 -2.18931919e+00  2.51282393e+03 -2.19700099e+00 
 1.65958691e+00  2.51282385e+03 -2.24031490e+00  2.51282384e+03 -2.24817564e+00 
 1.69824365e+00  2.51282375e+03 -2.29249846e+00  2.51282374e+03 -2.30054229e+00 
 1.73780083e+00  2.51282365e+03 -2.34589751e+00  2.51282365e+03 -2.35412871e+00 
 1.77827941e+00  2.51282355e+03 -2.40054039e+00  2.51282354e+03 -2.40896332e+00 
 1.81970086e+00  2.51282344e+03 -2.45645605e+00  2.51282344e+03 -2.46507518e+00 
 1.86208714e+00  2.51282333e+03 -2.51367415e+00  2.51282332e+03 -2.52249404e+00 
 1.90546072e+00  2.51282321e+03 -2.57222503e+00  2.51282320e+03 -2.58125036e+00 
 1.94984460e+00  2.51282309e+03 -2.63213972e+00  2.51282308e+03 -2.64137527e+00 
 1.99526231e+00  2.51282296e+03 -2.69344999e+00  2.51282295e+03 -2.70290067e+00 
 2.04173794e+00  2.51282283e+03 -2.75618835e+00  2.51282282e+03 -2.76585916e+00 
 2.08929613e+00  2.51282268e+03 -2.82038807e+00  2.51282267e+03 -2.83028414e+00 
 2.13796209e+00  2.51282254e+03 -2.88608318e+00  2.51282252e+03 -2.89620976e+00 
 2.18776162e+00  2.51282238e+03 -2.95330851e+00  2.51282237e+03 -2.96367097e+00 
 2.23872114e+00  2.51282222e+03 -3.02209971e+00  2.51282221e+03 -3.03270354e+00 
 2.29086765e+00  2.51282205e+03 -3.09249324e+00  2.51282204e+03 -3.10334407e+00 
 2.34422882e+00  2.51282187e+03 -3.16452644e+00  2.51282186e+03 -3.17563002e+00 
 2.39883292e+00  2.51282168e+03 -3.23823749e+00  2.51282167e+03 -3.24959970e+00 
 2.45470892e+00  2.51282149e+03 -3.31366548e+00  2.51282147e+03 -3.32529235e+00 
 2.51188643e+00  2.51282128e+03 -3.39085039e+00  2.51282127e+03 -3.40274808e+00 
 2.57039578e+00  2.51282107e+03 -3.46983314e+00  2.51282105e+03 -3.48200797e+00 
 2.63026799e+00  2.51282084e+03 -3.55065563e+00  2.51282083e+03 -3.56311404e+00 
 2.69153480e+00  2.51282061e+03 -3.63336068e+00  2.51282059e+03 -3.64610929e+00 
 2.75422870e+00  2.51282036e+03 -3.71799216e+00  2.51282034e+03 -3.73103772e+00 
 2.81838293e+00  2.51282011e+03 -3.80459494e+00  2.51282009e+03 -3.81794436e+00 
 2.88403150e+00  2.51281984e+03 -3.89321492e+00  2.51281982e+03 -3.90687529e+00 
 2.95120923e+00  2.51281955e+03 -3.98389910e+00  2.51281953e+03 -3.99787766e+00 
 3.01995172e+00  2.51281926e+03 -4.07669556e+00  2.51281923e+03 -4.09099972e+00 
 3.09029543e+00  2.51281895e+03 -4.17165349e+00  2.51281892e+03 -4.18629083e+00 
 3.16227766e+00  2.51281862e+03 -4.26882323e+00  2.51281860e+03 -4.28380152e+00 
 3.23593657e+00  2.51281828e+03 -4.36825631e+00  2.51281826e+03 -4.38358349e+00 
 3.31131121e+00  2.51281793e+03 -4.47000544e+00  2.51281790e+03 -4.48568963e+00 
 3.38844156e+00  2.51281756e+03 -4.57412457e+00  2.51281753e+03 -4.59017409e+00 
 3.46736850e+00  2.51281717e+03 -4.68066890e+00  2.51281714e+03 -4.69709226e+00 
 3.54813389e+00  2.51281676e+03 -4.78969491e+00  2.51281673e+03 -4.80650081e+00 
 3.63078055e+00  2.51281633e+03 -4.90126041e+00  2.51281630e+03 -4.91845777e+00 
 3.71535229e+00  2.51281588e+03 -5.01542454e+00  2.51281585e+03 -5.03302248e+00 
 3.80189396e+00  2.51281541e+03 -5.13224783e+00  2.51281538e+03 -5.15025568e+00 
 3.89045145e+00  2.51281492e+03 -5.25179222e+00  2.51281488e+03 -5.27021952e+00 
 3.98107171e+00  2.51281441e+03 -5.37412109e+00  2.51281437e+03 -5.39297760e+00 
 4.07380278e+00  2.51281387e+03 -5.49929928e+00  2.51281383e+03 -5.51859502e+00 
 4.16869383e+00  2.51281331e+03 -5.62739316e+00  2.51281326e+03 -5.64713835e+00 
 4.26579519e+00  2.51281272e+03 -5.75847064e+00  2.51281267e+03 -5.77867575e+00 
 4.36515832e+00  2.51281210e+03 -5.89260121e+00  2.51281205e+03 -5.91327695e+00 
 4.46683592e+00  2.51281145e+03 -6.02985598e+00  2.51281140e+03 -6.05101332e+00 
 4.57088190e+00  2.51281077e+03 -6.17030772e+00  2.51281072e+03 -6.19195787e+00 
 4.67735141e+00  2.51281006e+03 -6.31403087e+00  2.51281001e+03 -6.33618531e+00 
 4.78630092e+00  2.51280932e+03 -6.46110165e+00  2.51280926e+03 -6.48377213e+00 
 4.89778819e+00  2.51280854e+03 -6.61159801e+00  2.51280848e+03 -6.63479654e+00 
 5.01187234e+00  2.51280773e+03 -6.76559973e+00  2.51280766e+03 -6.78933862e+00 
 5.12861384e+00  2.51280688e+03 -6.92318845e+00  2.51280681e+03 -6.94748028e+00 
 5.24807460e+00  2.51280598e+03 -7.08444773e+00  2.51280591e+03 -7.10930538e+00 
 5.37031796e+00  2.51280505e+03 -7.24946303e+00  2.51280497e+03 -7.27489968e+00 
 5.49540874e+00  2.51280407e+03 -7.41832184e+00  2.51280399e+03 -7.44435098e+00 
 5.62341325e+00  2.51280303e+03 -7.59111362e+00  2.51280295e+03 -7.61774904e+00 
 5.75439937e+00  2.51280196e+03 -7.76793007e+00  2.51280187e+03 -7.79518590e+00 
 5.88843655e+00  2.51280083e+03 -7.94886487e+00  2.51280074e+03 -7.97675556e+00 
 6.02559586e+00  2.51279966e+03 -8.13401393e+00  2.51279956e+03 -8.16255426e+00 
 6.16595002e+00  2.51279842e+03 -8.32347540e+00  2.51279833e+03 -8.35268050e+00 
 6.30957344e+00  2.51279713e+03 -8.51734970e+00  2.51279703e+03 -8.54723506e+00 
 6.45654229e+00  2.51279578e+03 -8.71573960e+00  2.51279567e+03 -8.74632106e+00 
 6.60693448e+00  2.51279436e+03 -8.91875026e+00  2.51279425e+03 -8.95004404e+00 
 6.76082975e+00  2.51279288e+03 -9.12648929e+00  2.51279276e+03 -9.15851198e+00 
 6.91830971e+00  2.51279133e+03 -9.33906680e+00  2.51279121e+03 -9.37183537e+00 
 7.07945784e+00  2.51278970e+03 -9.55659547e+00  2.51278957e+03 -9.59012730e+00 
 7.24435960e+00  2.51278800e+03 -9.77919059e+00  2.51278787e+03 -9.81350345e+00 
 7.41310241e+00  2.51278622e+03 -1.00069701e+01  2.51278608e+03 -1.00420822e+01 
 7.58577575e+00  2.51278435e+03 -1.02400549e+01  2.51278421e+03 -1.02759848e+01 
 7.76247117e+00  2.51278240e+03 -1.04785683e+01  2.51278224e+03 -1.05153351e+01 
 7.94328235e+00  2.51278035e+03 -1.07226368e+01  2.51278019e+03 -1.07602600e+01 
 8.12830516e+00  2.51277821e+03 -1.09723898e+01  2.51277804e+03 -1.10108893e+01 
 8.31763771e+00  2.51277596e+03 -1.12279596e+01  2.51277579e+03 -1.12673559e+01 
 8.51138038e+00  2.51277361e+03 -1.14894818e+01  2.51277343e+03 -1.15297956e+01 
 8.70963590e+00  2.51277115e+03 -1.17570947e+01  2.51277096e+03 -1.17983476e+01 
 8.91250938e+00  2.51276858e+03 -1.20309404e+01  2.51276838e+03 -1.20731541e+01 
 9.12010839e+00  2.51276588e+03 -1.23111638e+01  2.51276567e+03 -1.23543608e+01 
 9.33254301e+00  2.51276306e+03 -1.25979136e+01  2.51276283e+03 -1.26421167e+01 
 9.54992586e+00  2.51276010e+03 -1.28913416e+01  2.51275987e+03 -1.29365743e+01 
 9.77237221e+00  2.51275700e+03 -1.31916034e+01  2.51275676e+03 -1.32378896e+01 
 1.00000000e+01  2.51275376e+03 -1.34988580e+01  2.51275350e+03 -1.35462223e+01 
 1.02329299e+01  2.51275036e+03 -1.38132683e+01  2.51275009e+03 -1.38617357e+01 
 1.04712855e+01  2.51274681e+03 -1.41350007e+01  2.51274653e+03 -1.41845971e+01 
 1.07151931e+01  2.51274307e+03 -1.44642258e+01  2.51274278e+03 -1.45149773e+01 
 1.09647820e+01  2.51273917e+03 -1.48011181e+01  2.51273887e+03 -1.48530517e+01 
 1.12201845e+01  2.51273509e+03 -1.51458559e+01  2.51273477e+03 -1.51989991e+01 
 1.14815362e+01  2.51273081e+03 -1.54986220e+01  2.51273048e+03 -1.55530030e+01 
 1.17489755e+01  2.51272634e+03 -1.58596032e+01  2.51272598e+03 -1.59152508e+01 
 1.20226443e+01  2.51272165e+03 -1.62289908e+01  2.51272128e+03 -1.62859344e+01 
 1.23026877e+01  2.51271674e+03 -1.66069803e+01  2.51271635e+03 -1.66652502e+01 
 1.25892541e+01  2.51271160e+03 -1.69937720e+01  2.51271120e+03 -1.70533991e+01 
 1.28824955e+01  2.51270622e+03 -1.73895708e+01  2.51270579e+03 -1.74505867e+01 
 1.31825674e+01  2.51270058e+03 -1.77945863e+01  2.51270014e+03 -1.78570232e+01 
 1.34896288e+01  2.51269468e+03 -1.82090329e+01  2.51269422e+03 -1.82729241e+01 
 1.38038426e+01  2.51268850e+03 -1.86331303e+01  2.51268801e+03 -1.86985095e+01 
 1.41253754e+01  2.51268202e+03 -1.90671027e+01  2.51268151e+03 -1.91340046e+01 
 1.44543977e+01  2.51267524e+03 -1.95111803e+01  2.51267471e+03 -1.95796404e+01 
 1.47910839e+01  2.51266815e+03 -1.99655980e+01  2.51266759e+03 -2.00356525e+01 
 1.51356125e+01  2.51266072e+03 -2.04305965e+01  2.51266013e+03 -2.05022826e+01 
 1.54881662e+01  2.51265294e+03 -2.09064219e+01  2.51265233e+03 -2.09797776e+01 
 1.58489319e+01  2.51264479e+03 -2.13933261e+01  2.51264415e+03 -2.14683902e+01 
 1.62181010e+01  2.51263626e+03 -2.18915669e+01  2.51263559e+03 -2.19683791e+01 
 1.65958691e+01  2.51262732e+03 -2.24014077e+01  2.51262662e+03 -2.24800088e+01 
 1.69824365e+01  2.51261797e+03 -2.29231187e+01  2.51261723e+03 -2.30035504e+01 
 1.73780083e+01  2.51260818e+03 -2.34569759e+01  2.51260740e+03 -2.35392808e+01 
 1.77827941e+01  2.51259792e+03 -2.40032617e+01  2.51259711e+03 -2.40874834e+01 
 1.81970086e+01  2.51258718e+03 -2.45622651e+01  2.51258634e+03 -2.46484482e+01 
 1.86208714e+01  2.51257594e+03 -2.51342820e+01  2.51257505e+03 -2.52224722e+01 
 1.90546072e+01  2.51256415e+03 -2.57196147e+01  2.51256323e+03 -2.58098587e+01 
 1.94984460e+01  2.51255183e+03 -2.63185732e+01  2.51255086e+03 -2.64109187e+01 
 1.99526231e+01  2.51253892e+03 -2.69314740e+01  2.51253790e+03 -2.70259701e+01 
 2.04173794e+01  2.51252540e+03 -2.75586413e+01  2.51252433e+03 -2.76553379e+01 
 2.08929613e+01  2.51251123e+03 -2.82004064e+01  2.51251012e+03 -2.82993548e+01 
 2.13796209e+01  2.51249641e+03 -2.88571091e+01  2.51249524e+03 -2.89583617e+01 
 2.18776162e+01  2.51248089e+03 -2.95290963e+01  2.51247967e+03 -2.96327067e+01 
 2.23872114e+01  2.51246464e+03 -3.02167230e+01  2.51246336e+03 -3.03227462e+01 
 2.29086765e+01  2.51244761e+03 -3.09203526e+01  2.51244627e+03 -3.10288447e+01 
 2.34422882e+01  2.51242979e+03 -3.16403572e+01  2.51242839e+03 -3.17513755e+01 
 2.39883292e+01  2.51241114e+03 -3.23771168e+01  2.51240967e+03 -3.24907203e+01 
 2.45470892e+01  2.51239159e+03 -3.31310205e+01  2.51239005e+03 -3.32472692e+01 
 2.51188643e+01  2.51237113e+03 -3.39024668e+01  2.51236952e+03 -3.40214223e+01 
 2.57039578e+01  2.51234971e+03 -3.46918627e+01  2.51234802e+03 -3.48135881e+01 
 2.63026799e+01  2.51232727e+03 -3.54996248e+01  2.51232550e+03 -3.56241844e+01 
 2.69153480e+01  2.51230378e+03 -3.63261798e+01  2.51230193e+03 -3.64536395e+01 
 2.75422870e+01  2.51227918e+03 -3.71719634e+01  2.51227724e+03 -3.73023907e+01 
 2.81838293e+01  2.51225343e+03 -3.80374222e+01  2.51225140e+03 -3.81708862e+01 
 2.88403150e+01  2.51222645e+03 -3.89230121e+01  2.51222433e+03 -3.90595834e+01 
 2.95120923e+01  2.51219821e+03 -3.98292007e+01  2.51219599e+03 -3.99689516e+01 
 3.01995172e+01  2.51216864e+03 -4.07564650e+01  2.51216631e+03 -4.08994695e+01 
 3.09029543e+01  2.51213768e+03 -4.17052943e+01  2.51213524e+03 -4.18516280e+01 
 3.16227766e+01  2.51210525e+03 -4.26761879e+01  2.51210270e+03 -4.28259281e+01 
 3.23593657e+01  2.51207131e+03 -4.36696577e+01  2.51206864e+03 -4.38228837e+01 
 3.31131121e+01  2.51203576e+03 -4.46862261e+01  2.51203296e+03 -4.48430190e+01 
 3.38844156e+01  2.51199854e+03 -4.57264288e+01  2.51199561e+03 -4.58868715e+01 
 3.46736850e+01  2.51195956e+03 -4.67908125e+01  2.51195649e+03 -4.69549898e+01 
 3.54813389e+01  2.51191875e+03 -4.78799373e+01  2.51191554e+03 -4.80479361e+01 
 3.63078055e+01  2.51187601e+03 -4.89943758e+01  2.51187265e+03 -4.91662849e+01 
 3.71535229e+01  2.51183128e+03 -5.01347141e+01  2.51182775e+03 -5.03106243e+01 
 3.80189396e+01  2.51178442e+03 -5.13015505e+01  2.51178073e+03 -5.14815548e+01 
 3.89045145e+01  2.51173536e+03 -5.24954981e+01  2.51173150e+03 -5.26796916e+01 
 3.98107171e+01  2.51168399e+03 -5.37171834e+01  2.51167994e+03 -5.39056634e+01 
 4.07380278e+01  2.51163020e+03 -5.49672474e+01  2.51162597e+03 -5.51601136e+01 
 4.16869383e+01  2.51157388e+03 -5.62463455e+01  2.51156945e+03 -5.64436997e+01 
 4.26579519e+01  2.51151491e+03 -5.75551481e+01  2.51151027e+03 -5.77570945e+01 
 4.36515832e+01  2.51145316e+03 -5.88943407e+01  2.51144830e+03 -5.91009859e+01 
 4.46683592e+01  2.51138851e+03 -6.02646242e+01  2.51138342e+03 -6.04760773e+01 
 4.57088190e+01  2.51132081e+03 -6.16667156e+01  2.51131548e+03 -6.18830882e+01 
 4.67735141e+01  2.51124993e+03 -6.31013478e+01  2.51124435e+03 -6.33227542e+01 
 4.78630092e+01  2.51117570e+03 -6.45692700e+01  2.51116985e+03 -6.47958268e+01 
 4.89778819e+01  2.51109799e+03 -6.60712494e+01  2.51109187e+03 -6.63030763e+01 
 5.01187234e+01  2.51101661e+03 -6.76080688e+01  2.51101020e+03 -6.78452879e+01 
 5.12861384e+01  2.51093141e+03 -6.91805303e+01  2.51092470e+03 -6.94232666e+01 
 5.24807460e+01  2.51084220e+03 -7.07894519e+01  2.51083517e+03 -7.10378334e+01 
 5.37031796e+01  2.51074880e+03 -7.24356721e+01  2.51074144e+03 -7.26898297e+01 
 5.49540874e+01  2.51065099e+03 -7.41200459e+01  2.51064328e+03 -7.43801134e+01 
 5.62341325e+01  2.51054858e+03 -7.58434488e+01  2.51054051e+03 -7.61095632e+01 
 5.75439937e+01  2.51044136e+03 -7.76067754e+01  2.51043291e+03 -7.78790767e+01 
 5.88843655e+01  2.51032910e+03 -7.94109405e+01  2.51032026e+03 -7.96895720e+01 
 6.02559586e+01  2.51021155e+03 -8.12568767e+01  2.51020229e+03 -8.15419850e+01 
 6.16595002e+01  2.51008848e+03 -8.31455410e+01  2.51007878e+03 -8.34372759e+01 
 6.30957344e+01  2.50995962e+03 -8.50779086e+01  2.50994946e+03 -8.53764235e+01 
 6.45654229e+01  2.50982470e+03 -8.70549769e+01  2.50981407e+03 -8.73604287e+01 
 6.60693448e+01  2.50968343e+03 -8.90777644e+01  2.50967230e+03 -8.93903134e+01 
 6.76082975e+01  2.50953553e+03 -9.11473136e+01  2.50952388e+03 -9.14671239e+01 
 6.91830971e+01  2.50938067e+03 -9.32646871e+01  2.50936847e+03 -9.35919265e+01 
 7.07945784e+01  2.50921854e+03 -9.54309723e+01  2.50920576e+03 -9.57658123e+01 
 7.24435960e+01  2.50904879e+03 -9.76472794e+01  2.50903541e+03 -9.79898956e+01 
 7.41310241e+01  2.50887106e+03 -9.99147425e+01  2.50885705e+03 -1.00265314e+02 
 7.58577575e+01  2.50868498e+03 -1.02234520e+02  2.50867031e+03 -1.02593231e+02 
 7.76247117e+01  2.50849017e+03 -1.04607794e+02  2.50847481e+03 -1.04974832e+02 
 7.94328235e+01  2.50828620e+03 -1.07035772e+02  2.50827012e+03 -1.07411328e+02 
 8.12830516e+01  2.50807265e+03 -1.09519688e+02  2.50805581e+03 -1.09903959e+02 
 8.31763771e+01  2.50784908e+03 -1.12060800e+02  2.50783145e+03 -1.12453988e+02 
 8.51138038e+01  2.50761502e+03 -1.14660395e+02  2.50759656e+03 -1.15062703e+02 
 8.70963590e+01  2.50736997e+03 -1.17319784e+02  2.50735065e+03 -1.17731423e+02 
 8.91250938e+01  2.50711343e+03 -1.20040306e+02  2.50709320e+03 -1.20461489e+02 
 9.12010839e+01  2.50684485e+03 -1.22823325e+02  2.50682366e+03 -1.23254273e+02 
 9.33254301e+01  2.50656367e+03 -1.25670238e+02  2.50654149e+03 -1.26111174e+02 
 9.54992586e+01  2.50626931e+03 -1.28582465e+02  2.50624609e+03 -1.29033619e+02 
 9.77237221e+01  2.50596115e+03 -1.31561456e+02  2.50593683e+03 -1.32023062e+02 
 1.00000000e+02  2.50563855e+03 -1.34608693e+02  2.50561309e+03 -1.35080989e+02 
 1.02329299e+02  2.50530083e+03 -1.37725681e+02  2.50527417e+03 -1.38208913e+02 
 1.04712855e+02  2.50494730e+03 -1.40913959e+02  2.50491938e+03 -1.41408377e+02 
 1.07151931e+02  2.50457720e+03 -1.44175093e+02  2.50454797e+03 -1.44680953e+02 
 1.09647820e+02  2.50418979e+03 -1.47510683e+02  2.50415919e+03 -1.48028246e+02 
 1.12201845e+02  2.50378424e+03 -1.50922354e+02  2.50375221e+03 -1.51451886e+02 
 1.14815362e+02  2.50335971e+03 -1.54411763e+02  2.50332618e+03 -1.54953537e+02 
 1.17489755e+02  2.50291533e+03 -1.57980599e+02  2.50288022e+03 -1.58534894e+02 
 1.20226443e+02  2.50245018e+03 -1.61630582e+02  2.50241343e+03 -1.62197683e+02 
 1.23026877e+02  2.50196330e+03 -1.65363461e+02  2.50192482e+03 -1.65943658e+02 
 1.25892541e+02  2.50145367e+03 -1.69181016e+02  2.50141338e+03 -1.69774606e+02 
 1.28824955e+02  2.50092023e+03 -1.73085058e+02  2.50087805e+03 -1.73692344e+02 
 1.31825674e+02  2.50036191e+03 -1.77077431e+02  2.50031775e+03 -1.77698724e+02 
 1.34896288e+02  2.49977753e+03 -1.81160005e+02  2.49973130e+03 -1.81795620e+02 
 1.38038426e+02  2.49916591e+03 -1.85334688e+02  2.49911752e+03 -1.85984949e+02 
 1.41253754e+02  2.49852577e+03 -1.89603409e+02  2.49847511e+03 -1.90268646e+02 
 1.44543977e+02  2.49785583e+03 -1.93968139e+02  2.49780279e+03 -1.94648688e+02 
 1.47910839e+02  2.49715468e+03 -1.98430866e+02  2.49709916e+03 -1.99127071e+02 
 1.51356125e+02  2.49642091e+03 -2.02993619e+02  2.49636279e+03 -2.03705830e+02 
 1.54881662e+02  2.49565303e+03 -2.07658450e+02  2.49559219e+03 -2.08387025e+02 
 1.58489319e+02  2.49484945e+03 -2.12427439e+02  2.49478577e+03 -2.13172744e+02 
 1.62181010e+02  2.49400855e+03 -2.17302696e+02  2.49394189e+03 -2.18065104e+02 
 1.65958691e+02  2.49312864e+03 -2.22286360e+02  2.49305886e+03 -2.23066250e+02 
 1.69824365e+02  2.49220790e+03 -2.27380589e+02  2.49213486e+03 -2.28178350e+02 
 1.73780083e+02  2.49124450e+03 -2.32587577e+02  2.49116804e+03 -2.33403603e+02 
 1.77827941e+02  2.49023650e+03 -2.37909534e+02  2.49015647e+03 -2.38744229e+02 
 1.81970086e+02  2.48918184e+03 -2.43348694e+02  2.48909808e+03 -2.44202468e+02 
 1.86208714e+02  2.48807844e+03 -2.48907314e+02  2.48799077e+03 -2.49780586e+02 
 1.90546072e+02  2.48692408e+03 -2.54587673e+02  2.48683232e+03 -2.55480870e+02 
 1.94984460e+02  2.48571646e+03 -2.60392064e+02  2.48562042e+03 -2.61305621e+02 
 1.99526231e+02  2.48445317e+03 -2.66322796e+02  2.48435265e+03 -2.67257156e+02 
 2.04173794e+02  2.48313171e+03 -2.72382199e+02  2.48302652e+03 -2.73337813e+02 
 2.08929613e+02  2.48174947e+03 -2.78572606e+02  2.48163937e+03 -2.79549933e+02 
 2.13796209e+02  2.48030372e+03 -2.84896367e+02  2.48018850e+03 -2.85895874e+02 
 2.18776162e+02  2.47879164e+03 -2.91355836e+02  2.47867107e+03 -2.92377998e+02 
 2.23872114e+02  2.47721024e+03 -2.97953364e+02  2.47708407e+03 -2.98998666e+02 
 2.29086765e+02  2.47555648e+03 -3.04691315e+02  2.47542444e+03 -3.05760249e+02 
 2.34422882e+02  2.47382712e+03 -3.11572040e+02  2.47368896e+03 -3.12665105e+02 
 2.39883292e+02  2.47201883e+03 -3.18597887e+02  2.47187426e+03 -3.19715593e+02 
 2.45470892e+02  2.47012813e+03 -3.25771192e+02  2.46997686e+03 -3.26914054e+02 
 2.51188643e+02  2.46815140e+03 -3.33094274e+02  2.46799313e+03 -3.34262818e+02 
 2.57039578e+02  2.46608488e+03 -3.40569436e+02  2.46591929e+03 -3.41764194e+02 
 2.63026799e+02  2.46392465e+03 -3.48198950e+02  2.46375141e+03 -3.49420463e+02 
 2.69153480e+02  2.46166663e+03 -3.55985061e+02  2.46148539e+03 -3.57233877e+02 
 2.75422870e+02  2.45930661e+03 -3.63929976e+02  2.45911701e+03 -3.65206651e+02 
 2.81838293e+02  2.45684017e+03 -3.72035854e+02  2.45664183e+03 -3.73340952e+02 
 2.88403150e+02  2.45426276e+03 -3.80304809e+02  2.45405529e+03 -3.81638900e+02 
 2.95120923e+02  2.45156963e+03 -3.88738896e+02  2.45135262e+03 -3.90102558e+02 
 3.01995172e+02  2.44875587e+03 -3.97340103e+02  2.44852889e+03 -3.98733922e+02 
 3.09029543e+02  2.44581636e+03 -4.06110343e+02  2.44557897e+03 -4.07534910e+02 
 3.16227766e+02  2.44274584e+03 -4.15051450e+02  2.44249757e+03 -4.16507362e+02 
 3.23593657e+02  2.43953880e+03 -4.24165160e+02  2.43927916e+03 -4.25653022e+02 
 3.31131121e+02  2.43618956e+03 -4.33453112e+02  2.43591807e+03 -4.34973533e+02 
 3.38844156e+02  2.43269228e+03 -4.42916832e+02  2.43240839e+03 -4.44470426e+02 
 3.46736850e+02  2.42904084e+03 -4.52557713e+02  2.42874402e+03 -4.54145100e+02 
 3.54813389e+02  2.42522897e+03 -4.62377022e+02  2.42491864e+03 -4.63998826e+02 
 3.63078055e+02  2.42125017e+03 -4.72375874e+02  2.42092575e+03 -4.74032722e+02 
 3.71535229e+02  2.41709773e+03 -4.82555219e+02  2.41675860e+03 -4.84247741e+02 
 3.80189396e+02  2.41276475e+03 -4.92915836e+02  2.41241026e+03 -4.94644666e+02 
 3.89045145e+02  2.40824406e+03 -5.03458308e+02  2.40787356e+03 -5.05224080e+02 
 3.98107171e+02  2.40352833e+03 -5.14183015e+02  2.40314112e+03 -5.15986366e+02 
 4.07380278e+02  2.39860997e+03 -5.25090111e+02  2.39820534e+03 -5.26931678e+02 
 4.16869383e+02  2.39348120e+03 -5.36179519e+02  2.39305840e+03 -5.38059937e+02 
 4.26579519e+02  2.38813404e+03 -5.47450903e+02  2.38769230e+03 -5.49370807e+02 
 4.36515832e+02  2.38256025e+03 -5.58903646e+02  2.38209876e+03 -5.60863668e+02 
 4.46683592e+02  2.37675141e+03 -5.70536844e+02  2.37626934e+03 -5.72537613e+02 
 4.57088190e+02  2.37069888e+03 -5.82349274e+02  2.37019538e+03 -5.84391413e+02 
 4.67735141e+02  2.36439386e+03 -5.94339389e+02  2.36386801e+03 -5.96423517e+02 
 4.78630092e+02  2.35782729e+03 -6.06505278e+02  2.35727818e+03 -6.08632006e+02 
 4.89778819e+02  2.35098998e+03 -6.18844660e+02  2.35041665e+03 -6.21014592e+02 
 5.01187234e+02  2.34387252e+03 -6.31354857e+02  2.34327398e+03 -6.33568585e+02 
 5.12861384e+02  2.33646537e+03 -6.44032764e+02  2.33584059e+03 -6.46290870e+02 
 5.24807460e+02  2.32875882e+03 -6.56874841e+02  2.32810673e+03 -6.59177894e+02 
 5.37031796e+02  2.32074300e+03 -6.69877073e+02  2.32006251e+03 -6.72225628e+02 
 5.49540874e+02  2.31240795e+03 -6.83034974e+02  2.31169794e+03 -6.85429570e+02 
 5.62341325e+02  2.30374358e+03 -6.96343519e+02  2.30300288e+03 -6.98784675e+02 
 5.75439937e+02  2.29473973e+03 -7.09797162e+02  2.29396713e+03 -7.12285379e+02 
 5.88843655e+02  2.28538616e+03 -7.23389802e+02  2.28458042e+03 -7.25925559e+02 
 6.02559586e+02  2.27567260e+03 -7.37114746e+02  2.27483245e+03 -7.39698496e+02 
 6.16595002e+02  2.26558876e+03 -7.50964696e+02  2.26471289e+03 -7.53596868e+02 
 6.30957344e+02  2.25512438e+03 -7.64931732e+02  2.25421143e+03 -7.67612726e+02 
 6.45654229e+02  2.24426923e+03 -7.79007287e+02  2.24331783e+03 -7.81737472e+02 
 6.60693448e+02  2.23301316e+03 -7.93182117e+02  2.23202189e+03 -7.95961827e+02 
 6.76082975e+02  2.22134618e+03 -8.07446305e+02  2.22031357e+03 -8.10275842e+02 
 6.91830971e+02  2.20925839e+03 -8.21789217e+02  2.20818296e+03 -8.24668843e+02 
 7.07945784e+02  2.19674015e+03 -8.36199518e+02  2.19562038e+03 -8.39129455e+02 
 7.24435960e+02  2.18378204e+03 -8.50665130e+02  2.18261636e+03 -8.53645557e+02 
 7.41310241e+02  2.17037493e+03 -8.65173234e+02  2.16916176e+03 -8.68204284e+02 
 7.58577575e+02  2.15651003e+03 -8.79710263e+02  2.15524774e+03 -8.82792019e+02 
 7.76247117e+02  2.14217896e+03 -8.94261899e+02  2.14086590e+03 -8.97394395e+02 
 7.94328235e+02  2.12737378e+03 -9.08813066e+02  2.12600827e+03 -9.11996282e+02 
 8.12830516e+02  2.11208703e+03 -9.23347933e+02  2.11066737e+03 -9.26581791e+02 
 8.31763771e+02  2.09631186e+03 -9.37849930e+02  2.09483631e+03 -9.41134294e+02 
 8.51138038e+02  2.08004200e+03 -9.52301744e+02  2.07850882e+03 -9.55636415e+02 
 8.70963590e+02  2.06327189e+03 -9.66685336e+02  2.06167930e+03 -9.70070052e+02 
 8.91250938e+02  2.04599669e+03 -9.80981976e+02  2.04434290e+03 -9.84416407e+02 
 9.12010839e+02  2.02821240e+03 -9.95172256e+02  2.02649561e+03 -9.98656004e+02 
 9.33254301e+02  2.00991586e+03 -1.00923612e+03  2.00813426e+03 -1.01276872e+03 
 9.54992586e+02  1.99110487e+03 -1.02315291e+03  1.98925663e+03 -1.02673381e+03 
 9.77237221e+02  1.97177820e+03 -1.03690139e+03  1.96986149e+03 -1.04052997e+03 
 1.00000000e+03  1.95193570e+03 -1.05045983e+03  1.94994870e+03 -1.05413540e+03 
 1.02329299e+03  1.93157831e+03 -1.06380602e+03  1.92951919e+03 -1.06752779e+03 
 1.04712855e+03  1.91070815e+03 -1.07691732e+03  1.90857510e+03 -1.08068445e+03 
 1.07151931e+03  1.88932857e+03 -1.08977082e+03  1.88711979e+03 -1.09358236e+03 
 1.09647820e+03  1.86744418e+03 -1.10234328e+03  1.86515788e+03 -1.10619821e+03 
 1.12201845e+03  1.84506092e+03 -1.11461132e+03  1.84269533e+03 -1.11850854e+03 
 1.14815362e+03  1.82218607e+03 -1.12655144e+03  1.81973944e+03 -1.13048975e+03 
 1.17489755e+03  1.79882829e+03 -1.13814012e+03  1.79629892e+03 -1.14211825e+03 
 1.20226443e+03  1.77499768e+03 -1.14935393e+03  1.77238390e+03 -1.15337054e+03 
 1.23026877e+03  1.75070577e+03 -1.16016963e+03  1.74800593e+03 -1.16422326e+03 
 1.25892541e+03  1.72596551e+03 -1.17056423e+03  1.72317804e+03 -1.17465337e+03 
 1.28824955e+03  1.70079133e+03 -1.18051516e+03  1.69791468e+03 -1.18463819e+03 
 1.31825674e+03  1.67519910e+03 -1.19000031e+03  1.67223180e+03 -1.19415556e+03 
 1.34896288e+03  1.64920611e+03 -1.19899820e+03  1.64614674e+03 -1.20318392e+03 
 1.38038426e+03  1.62283107e+03 -1.20748804e+03  1.61967826e+03 -1.21170238e+03 
 1.41253754e+03  1.59609406e+03 -1.21544987e+03  1.59284655e+03 -1.21969093e+03 
 1.44543977e+03  1.56901649e+03 -1.22286464e+03  1.56567306e+03 -1.22713046e+03 
 1.47910839e+03  1.54162105e+03 -1.22971436e+03  1.53818059e+03 -1.23400289e+03 
 1.51356125e+03  1.51393166e+03 -1.23598216e+03  1.51039311e+03 -1.24029130e+03 
 1.54881662e+03  1.48597337e+03 -1.24165238e+03  1.48233579e+03 -1.24597999e+03 
 1.58489319e+03  1.45777230e+03 -1.24671072e+03  1.45403483e+03 -1.25105458e+03 
 1.62181010e+03  1.42935553e+03 -1.25114426e+03  1.42551741e+03 -1.25550212e+03 
 1.65958691e+03  1.40075105e+03 -1.25494159e+03  1.39681161e+03 -1.25931116e+03 
 1.69824365e+03  1.37198759e+03 -1.25809284e+03  1.36794627e+03 -1.26247180e+03 
 1.73780083e+03  1.34309455e+03 -1.26058979e+03  1.33895090e+03 -1.26497576e+03 
 1.77827941e+03  1.31410187e+03 -1.26242586e+03  1.30985553e+03 -1.26681647e+03 
 1.81970086e+03  1.28503992e+03 -1.26359621e+03  1.28069064e+03 -1.26798905e+03 
 1.86208714e+03  1.25593933e+03 -1.26409773e+03  1.25148699e+03 -1.26849038e+03 
 1.90546072e+03  1.22683093e+03 -1.26392907e+03  1.22227550e+03 -1.26831913e+03 
 1.94984460e+03  1.19774557e+03 -1.26309069e+03  1.19308713e+03 -1.26747573e+03 
 1.99526231e+03  1.16871400e+03 -1.26158478e+03  1.16395274e+03 -1.26596238e+03 
 2.04173794e+03  1.13976673e+03 -1.25941532e+03  1.13490296e+03 -1.26378309e+03 
 2.08929613e+03  1.11093395e+03 -1.25658799e+03  1.10596806e+03 -1.26094354e+03 
 2.13796209e+03  1.08224532e+03 -1.25311019e+03  1.07717784e+03 -1.25745118e+03 
 2.18776162e+03  1.05372996e+03 -1.24899097e+03  1.04856150e+03 -1.25331506e+03 
 2.23872114e+03  1.02541622e+03 -1.24424096e+03  1.02014750e+03 -1.24854587e+03 
 2.29086765e+03  9.97331666e+02 -1.23887231e+03  9.91963491e+02 -1.24315579e+03 
 2.34422882e+03  9.69502913e+02 -1.23289864e+03  9.64036197e+02 -1.23715849e+03 
 2.39883292e+03  9.41955567e+02 -1.22633492e+03  9.36391311e+02 -1.23056900e+03 
 2.45470892e+03  9.14714130e+02 -1.21919742e+03  9.09053420e+02 -1.22340362e+03 
 2.51188643e+03  8.87801917e+02 -1.21150356e+03  8.82045923e+02 -1.21567987e+03 
 2.57039578e+03  8.61240999e+02 -1.20327188e+03  8.55390968e+02 -1.20741632e+03 
 2.63026799e+03  8.35052136e+02 -1.19452189e+03  8.29109390e+02 -1.19863256e+03 
 2.69153480e+03  8.09254737e+02 -1.18527395e+03  8.03220665e+02 -1.18934903e+03 
 2.75422870e+03  7.83866814e+02 -1.17554921e+03  7.77742872e+02 -1.17958694e+03 
 2.81838293e+03  7.58904963e+02 -1.16536948e+03  7.52692663e+02 -1.16936818e+03 
 2.88403150e+03  7.34384336e+02 -1.15475710e+03  7.28085246e+02 -1.15871517e+03 
 2.95120923e+03  7.10318638e+02 -1.14373485e+03  7.03934373e+02 -1.14765076e+03 
 3.01995172e+03  6.86720123e+02 -1.13232586e+03  6.80252344e+02 -1.13619817e+03 
 3.09029543e+03  6.63599605e+02 -1.12055346e+03  6.57050009e+02 -1.12438083e+03 
 3.16227766e+03  6.40966470e+02 -1.10844116e+03  6.34336788e+02 -1.11222228e+03 
 3.23593657e+03  6.18828703e+02 -1.09601245e+03  6.12120695e+02 -1.09974614e+03 
 3.31131121e+03  5.97192916e+02 -1.08329079e+03  5.90408366e+02 -1.08697592e+03 
 3.38844156e+03  5.76064384e+02 -1.07029949e+03  5.69205095e+02 -1.07393504e+03 
 3.46736850e+03  5.55447091e+02 -1.05706164e+03  5.48514878e+02 -1.06064665e+03 
 3.54813389e+03  5.35343768e+02 -1.04360003e+03  5.28340460e+02 -1.04713361e+03 
 3.63078055e+03  5.15755954e+02 -1.02993707e+03  5.08683383e+02 -1.03341843e+03 
 3.71535229e+03  4.96684045e+02 -1.01609475e+03  4.89544045e+02 -1.01952316e+03 
 3.80189396e+03  4.78127349e+02 -1.00209455e+03  4.70921752e+02 -1.00546937e+03 
 3.89045145e+03  4.60084150e+02 -9.87957432e+02  4.52814782e+02 -9.91278071e+02 
 3.98107171e+03  4.42551768e+02 -9.73703750e+02  4.35220447e+02 -9.76969707e+02 
 4.07380278e+03  4.25526619e+02 -9.59353245e+02  4.18135150e+02 -9.62564078e+02 
 4.16869383e+03  4.09004282e+02 -9.44924987e+02  4.01554454e+02 -9.48080323e+02 
 4.26579519e+03  3.92979555e+02 -9.30437366e+02  3.85473139e+02 -9.33536891e+02 
 4.36515832e+03  3.77446524e+02 -9.15908053e+02  3.69885272e+02 -9.18951517e+02 
 4.46683592e+03  3.62398621e+02 -9.01353998e+02  3.54784261e+02 -9.04341206e+02 
 4.57088190e+03  3.47828687e+02 -8.86791399e+02  3.40162921e+02 -8.89722212e+02 
 4.67735141e+03  3.33729028e+02 -8.72235712e+02  3.26013533e+02 -8.75110043e+02 
 4.78630092e+03  3.20091473e+02 -8.57701636e+02  3.12327897e+02 -8.60519447e+02 
 4.89778819e+03  3.06907433e+02 -8.43203110e+02  2.99097394e+02 -8.45964411e+02 
 5.01187234e+03  2.94167948e+02 -8.28753328e+02  2.86313032e+02 -8.31458172e+02 
 5.12861384e+03  2.81863744e+02 -8.14364732e+02  2.73965506e+02 -8.17013214e+02 
 5.24807460e+03  2.69985275e+02 -8.00049032e+02  2.62045237e+02 -8.02641285e+02 
 5.37031796e+03  2.58522778e+02 -7.85817209e+02  2.50542426e+02 -7.88353402e+02 
 5.49540874e+03  2.47466306e+02 -7.71679536e+02  2.39447093e+02 -7.74159873e+02 
 5.62341325e+03  2.36805776e+02 -7.57645590e+02  2.28749119e+02 -7.60070304e+02 
 5.75439937e+03  2.26531004e+02 -7.43724272e+02  2.18438285e+02 -7.46093625e+02 
 5.88843655e+03  2.16631742e+02 -7.29923821e+02  2.08504308e+02 -7.32238102e+02 
 6.02559586e+03  2.07097708e+02 -7.16251844e+02  1.98936870e+02 -7.18511365e+02 
 6.16595002e+03  1.97918623e+02 -7.02715327e+02  1.89725656e+02 -7.04920421e+02 
 6.30957344e+03  1.89084230e+02 -6.89320665e+02  1.80860373e+02 -6.91471685e+02 
 6.45654229e+03  1.80584327e+02 -6.76073679e+02  1.72330786e+02 -6.78170996e+02 
 6.60693448e+03  1.72408788e+02 -6.62979645e+02  1.64126731e+02 -6.65023643e+02 
 6.76082975e+03  1.64547582e+02 -6.50043312e+02  1.56238144e+02 -6.52034390e+02 
 6.91830971e+03  1.56990793e+02 -6.37268927e+02  1.48655076e+02 -6.39207494e+02 
 7.07945784e+03  1.49728639e+02 -6.24660261e+02  1.41367709e+02 -6.26546737e+02 
 7.24435960e+03  1.42751487e+02 -6.12220627e+02  1.34366378e+02 -6.14055440e+02 
 7.41310241e+03  1.36049860e+02 -5.99952911e+02  1.27641574e+02 -6.01736494e+02 
 7.58577575e+03  1.29614458e+02 -5.87859586e+02  1.21183964e+02 -5.89592377e+02 
 7.76247117e+03  1.23436160e+02 -5.75942739e+02  1.14984398e+02 -5.77625181e+02 
 7.94328235e+03  1.17506038e+02 -5.64204093e+02  1.09033916e+02 -5.65836629e+02 
 8.12830516e+03  1.11815361e+02 -5.52645026e+02  1.03323759e+02 -5.54228100e+02 
 8.31763771e+03  1.06355602e+02 -5.41266592e+02  9.78453684e+01 -5.42800648e+02 
 8.51138038e+03  1.01118441e+02 -5.30069542e+02  9.25903984e+01 -5.31555023e+02 
 8.70963590e+03  9.60957698e+01 -5.19054344e+02  8.75507136e+01 -5.20491689e+02 
 8.91250938e+03  9.12796965e+01 -5.08221199e+02  8.27183952e+01 -5.09610842e+02 
 9.12010839e+03  8.66625433e+01 -4.97570059e+02  7.80857401e+01 -4.98912431e+02 
 9.33254301e+03  8.22368498e+01 -4.87100649e+02  7.36452631e+01 -4.88396174e+02 
 9.54992586e+03  7.79953722e+01 -4.76812475e+02  6.93896968e+01 -4.78061572e+02 
 9.77237221e+03  7.39310824e+01 -4.66704849e+02  6.53119902e+01 -4.67907928e+02 
 1.00000000e+04  7.00371682e+01 -4.56776896e+02  6.14053089e+01 -4.57934359e+02 
 1.02329299e+04  6.63070299e+01 -4.47027574e+02  5.76630319e+01 -4.48139815e+02 
 1.04712855e+04  6.27342782e+01 -4.37455685e+02  5.40787498e+01 -4.38523087e+02 
 1.07151931e+04  5.93127327e+01 -4.28059888e+02  5.06462624e+01 -4.29082824e+02 
 1.09647820e+04  5.60364175e+01 -4.18838710e+02  4.73595751e+01 -4.19817544e+02 
 1.12201845e+04  5.28995591e+01 -4.09790562e+02  4.42128967e+01 -4.10725644e+02 
 1.14815362e+04  4.98965808e+01 -4.00913745e+02  4.12006333e+01 -4.01805416e+02 
 1.17489755e+04  4.70221012e+01 -3.92206463e+02  3.83173873e+01 -3.93055051e+02 
 1.20226443e+04  4.42709279e+01 -3.83666833e+02  3.55579507e+01 -3.84472652e+02 
 1.23026877e+04  4.16380549e+01 -3.75292892e+02  3.29173030e+01 -3.76056245e+02 
 1.25892541e+04  3.91186568e+01 -3.67082607e+02  3.03906050e+01 -3.67803782e+02 
 1.28824955e+04  3.67080855e+01 -3.59033886e+02  2.79731954e+01 -3.59713157e+02 
 1.31825674e+04  3.44018647e+01 -3.51144578e+02  2.56605856e+01 -3.51782206e+02 
 1.34896288e+04  3.21956858e+01 -3.43412487e+02  2.34484553e+01 -3.44008720e+02 
 1.38038426e+04  3.00854027e+01 -3.35835379e+02  2.13326476e+01 -3.36390447e+02 
 1.41253754e+04  2.80670277e+01 -3.28410981e+02  1.93091649e+01 -3.28925102e+02 
 1.44543977e+04  2.61367267e+01 -3.21136995e+02  1.73741635e+01 -3.21610370e+02 
 1.47910839e+04  2.42908139e+01 -3.14011097e+02  1.55239489e+01 -3.14443913e+02 
 1.51356125e+04  2.25257477e+01 -3.07030948e+02  1.37549719e+01 -3.07423377e+02 
 1.54881662e+04  2.08381264e+01 -3.00194192e+02  1.20638232e+01 -3.00546390e+02 
 1.58489319e+04  1.92246830e+01 -2.93498467e+02  1.04472294e+01 -2.93810573e+02 
 1.62181010e+04  1.76822810e+01 -2.86941404e+02  8.90204809e+00 -2.87213543e+02 
 1.65958691e+04  1.62079103e+01 -2.80520632e+02  7.42526401e+00 -2.80752912e+02 
 1.69824365e+04  1.47986824e+01 -2.74233783e+02  6.01398415e+00 -2.74426297e+02 
 1.73780083e+04  1.34518264e+01 -2.68078493e+02  4.66543374e+00 -2.68231318e+02 
 1.77827941e+04  1.21646848e+01 -2.62052409e+02  3.37695220e+00 -2.62165603e+02 
 1.81970086e+04  1.09347098e+01 -2.56153183e+02  2.14598913e+00 -2.56226791e+02 
 1.86208714e+04  9.75945885e+00 -2.50378484e+02  9.70100197e-01 -2.50412534e+02 
 1.90546072e+04  8.63659094e+00 -2.44725996e+02 -1.53056835e-01 -2.44720499e+02 
 1.94984460e+04  7.56386322e+00 -2.39193418e+02 -1.22572531e+00 -2.39148368e+02 
 1.99526231e+04  6.53912687e+00 -2.33778470e+02 -2.25005393e+00 -2.33693846e+02 
 2.04173794e+04  5.56032377e+00 -2.28478891e+02 -3.22810003e+00 -2.28354655e+02 
 2.08929613e+04  4.62548335e+00 -2.23292443e+02 -4.16183271e+00 -2.23128540e+02 
 2.13796209e+04  3.73271862e+00 -2.18216912e+02 -5.05313688e+00 -2.18013272e+02 
 2.18776162e+04  2.88022372e+00 -2.13250107e+02 -5.90381561e+00 -2.13006643e+02 
 2.23872114e+04  2.06627019e+00 -2.08389864e+02 -6.71559391e+00 -2.08106473e+02 
 2.29086765e+04  1.28920417e+00 -2.03634045e+02 -7.49012154e+00 -2.03310608e+02 
 2.34422882e+04  5.47443569e-01 -1.98980540e+02 -8.22897581e+00 -1.98616921e+02 
 2.39883292e+04 -1.60524680e-01 -1.94427267e+02 -8.93366431e+00 -1.94023314e+02 
 2.45470892e+04 -8.36147768e-01 -1.89972172e+02 -9.60562807e+00 -1.89527718e+02 
 2.51188643e+04 -1.48080899e+00 -1.85613232e+02 -1.02462435e+01 -1.85128093e+02 
 2.57039578e+04 -2.09583088e+00 -1.81348452e+02 -1.08568257e+01 -1.80822430e+02 
 2.63026799e+04 -2.68247723e+00 -1.77175869e+02 -1.14386301e+01 -1.76608748e+02 
 2.69153480e+04 -3.24195564e+00 -1.73093548e+02 -1.19928554e+01 -1.72485100e+02 
 2.75422870e+04 -3.77541962e+00 -1.69099587e+02 -1.25206452e+01 -1.68449566e+02 
 2.81838293e+04 -4.28397096e+00 -1.65192115e+02 -1.30230912e+01 -1.64500260e+02 
 2.88403150e+04 -4.76866169e+00 -1.61369291e+02 -1.35012339e+01 -1.60635327e+02 
 2.95120923e+04 -5.23049603e+00 -1.57629304e+02 -1.39560657e+01 -1.56852942e+02 
 3.01995172e+04 -5.67043246e+00 -1.53970376e+02 -1.43885325e+01 -1.53151313e+02 
 3.09029543e+04 -6.08938551e+00 -1.50390761e+02 -1.47995351e+01 -1.49528678e+02 
 3.16227766e+04 -6.48822753e+00 -1.46888741e+02 -1.51899318e+01 -1.45983307e+02 
 3.23593657e+04 -6.86779040e+00 -1.43462631e+02 -1.55605393e+01 -1.42513501e+02 
 3.31131121e+04 -7.22886723e+00 -1.40110778e+02 -1.59121347e+01 -1.39117594e+02 
 3.38844156e+04 -7.57221385e+00 -1.36831556e+02 -1.62454574e+01 -1.35793949e+02 
 3.46736850e+04 -7.89855040e+00 -1.33623374e+02 -1.65612097e+01 -1.32540960e+02 
 3.54813389e+04 -8.20856275e+00 -1.30484668e+02 -1.68600593e+01 -1.29357054e+02 
 3.63078055e+04 -8.50290390e+00 -1.27413906e+02 -1.71426399e+01 -1.26240687e+02 
 3.71535229e+04 -8.78219531e+00 -1.24409585e+02 -1.74095529e+01 -1.23190347e+02 
 3.80189396e+04 -9.04702818e+00 -1.21470234e+02 -1.76613685e+01 -1.20204549e+02 
 3.89045145e+04 -9.29796468e+00 -1.18594407e+02 -1.78986271e+01 -1.17281842e+02 
 3.98107171e+04 -9.53553922e+00 -1.15780692e+02 -1.81218403e+01 -1.14420803e+02 
 4.07380278e+04 -9.76025945e+00 -1.13027703e+02 -1.83314923e+01 -1.11620039e+02 
 4.16869383e+04 -9.97260743e+00 -1.10334084e+02 -1.85280406e+01 -1.08878187e+02 
 4.26579519e+04 -1.01730407e+01 -1.07698507e+02 -1.87119174e+01 -1.06193912e+02 
 4.36515832e+04 -1.03619932e+01 -1.05119671e+02 -1.88835305e+01 -1.03565910e+02 
 4.46683592e+04 -1.05398764e+01 -1.02596305e+02 -1.90432641e+01 -1.00992903e+02 
 4.57088190e+04 -1.07070800e+01 -1.00127165e+02 -1.91914800e+01 -9.84736443e+01 
 4.67735141e+04 -1.08639730e+01 -9.77110324e+01 -1.93285183e+01 -9.60069143e+01 
 4.78630092e+04 -1.10109047e+01 -9.53467178e+01 -1.94546987e+01 -9.35915218e+01 
 4.89778819e+04 -1.11482051e+01 -9.30330574e+01 -1.95703207e+01 -9.12263033e+01 
 5.01187234e+04 -1.12761861e+01 -9.07689141e+01 -1.96756649e+01 -8.89101231e+01 
 5.12861384e+04 -1.13951423e+01 -8.85531766e+01 -1.97709936e+01 -8.66418733e+01 
 5.24807460e+04 -1.15053515e+01 -8.63847599e+01 -1.98565518e+01 -8.44204729e+01 
 5.37031796e+04 -1.16070755e+01 -8.42626044e+01 -1.99325679e+01 -8.22448683e+01 
 5.49540874e+04 -1.17005609e+01 -8.21856757e+01 -1.99992542e+01 -8.01140326e+01 
 5.62341325e+04 -1.17860400e+01 -8.01529644e+01 -2.00568081e+01 -7.80269660e+01 
 5.75439937e+04 -1.18637310e+01 -7.81634861e+01 -2.01054123e+01 -7.59826948e+01 
 5.88843655e+04 -1.19338392e+01 -7.62162806e+01 -2.01452361e+01 -7.39802720e+01 
 6.02559586e+04 -1.19965570e+01 -7.43104123e+01 -2.01764357e+01 -7.20187767e+01 
 6.16595002e+04 -1.20520653e+01 -7.24449694e+01 -2.01991551e+01 -7.00973141e+01 
 6.30957344e+04 -1.21005337e+01 -7.06190638e+01 -2.02135267e+01 -6.82150154e+01 
 6.45654229e+04 -1.21421210e+01 -6.88318310e+01 -2.02196723e+01 -6.63710371e+01 
 6.60693448e+04 -1.21769762e+01 -6.70824297e+01 -2.02177035e+01 -6.45645617e+01 
 6.76082975e+04 -1.22052389e+01 -6.53700415e+01 -2.02077223e+01 -6.27947969e+01 
 6.91830971e+04 -1.22270399e+01 -6.36938711e+01 -2.01898225e+01 -6.10609756e+01 
 7.07945784e+04 -1.22425018e+01 -6.20531453e+01 -2.01640897e+01 -5.93623557e+01 
 7.24435960e+04 -1.22517397e+01 -6.04471133e+01 -2.01306025e+01 -5.76982199e+01 
 7.41310241e+04 -1.22548618e+01 -5.88750464e+01 -2.00894329e+01 -5.60678758e+01 
 7.58577575e+04 -1.22519699e+01 -5.73362374e+01 -2.00406474e+01 -5.44706552e+01 
 7.76247117e+04 -1.22431599e+01 -5.58300008e+01 -1.99843075e+01 -5.29059142e+01 
 7.94328235e+04 -1.22285229e+01 -5.43556720e+01 -1.99204707e+01 -5.13730328e+01 
 8.12830516e+04 -1.22081452e+01 -5.29126075e+01 -1.98491911e+01 -4.98714148e+01 
 8.31763771e+04 -1.21821092e+01 -5.15001843e+01 -1.97705204e+01 -4.84004874e+01 
 8.51138038e+04 -1.21504941e+01 -5.01177996e+01 -1.96845085e+01 -4.69597009e+01 
 8.70963590e+04 -1.21133762e+01 -4.87648705e+01 -1.95912042e+01 -4.55485283e+01 
 8.91250938e+04 -1.20708299e+01 -4.74408339e+01 -1.94906566e+01 -4.41664651e+01 
 9.12010839e+04 -1.20229279e+01 -4.61451456e+01 -1.93829154e+01 -4.28130287e+01 
 9.33254301e+04 -1.19697421e+01 -4.48772802e+01 -1.92680317e+01 -4.14877580e+01 
 9.54992586e+04 -1.19113442e+01 -4.36367308e+01 -1.91460592e+01 -4.01902131e+01 
 9.77237221e+04 -1.18478058e+01 -4.24230084e+01 -1.90170549e+01 -3.89199742e+01 
 1.00000000e+05 -1.17791999e+01 -4.12356415e+01 -1.88810796e+01 -3.76766418e+01 
 1.02329299e+05 -1.17056006e+01 -4.00741752e+01 -1.87381992e+01 -3.64598355e+01 
 1.04712855e+05 -1.16270840e+01 -3.89381714e+01 -1.85884850e+01 -3.52691933e+01 
 1.07151931e+05 -1.15437289e+01 -3.78272077e+01 -1.84320150e+01 -3.41043714e+01 
 1.09647820e+05 -1.14556171e+01 -3.67408768e+01 -1.82688741e+01 -3.29650427e+01 
 1.12201845e+05 -1.13628341e+01 -3.56787862e+01 -1.80991552e+01 -3.18508964e+01 
 1.14815362e+05 -1.12654691e+01 -3.46405572e+01 -1.79229598e+01 -3.07616369e+01 
 1.17489755e+05 -1.11636162e+01 -3.36258245e+01 -1.77403984e+01 -2.96969832e+01 
 1.20226443e+05 -1.10573743e+01 -3.26342353e+01 -1.75515914e+01 -2.86566672e+01 
 1.23026877e+05 -1.09468475e+01 -3.16654485e+01 -1.73566695e+01 -2.76404334e+01 
 1.25892541e+05 -1.08321455e+01 -3.07191341e+01 -1.71557740e+01 -2.66480372e+01 
 1.28824955e+05 -1.07133842e+01 -2.97949722e+01 -1.69490575e+01 -2.56792441e+01 
 1.31825674e+05 -1.05906853e+01 -2.88926525e+01 -1.67366840e+01 -2.47338285e+01 
 1.34896288e+05 -1.04641771e+01 -2.80118730e+01 -1.65188292e+01 -2.38115723e+01 
 1.38038426e+05 -1.03339943e+01 -2.71523396e+01 -1.62956807e+01 -2.29122637e+01 
 1.41253754e+05 -1.02002783e+01 -2.63137649e+01 -1.60674379e+01 -2.20356962e+01 
 1.44543977e+05 -1.00631769e+01 -2.54958674e+01 -1.58343123e+01 -2.11816669e+01 
 1.47910839e+05 -9.92284468e+00 -2.46983709e+01 -1.55965270e+01 -2.03499755e+01 
 1.51356125e+05 -9.77944244e+00 -2.39210031e+01 -1.53543168e+01 -1.95404231e+01 
 1.54881662e+05 -9.63313743e+00 -2.31634954e+01 -1.51079278e+01 -1.87528106e+01 
 1.58489319e+05 -9.48410293e+00 -2.24255816e+01 -1.48576166e+01 -1.79869380e+01 
 1.62181010e+05 -9.33251797e+00 -2.17069970e+01 -1.46036506e+01 -1.72426026e+01 
 1.65958691e+05 -9.17856701e+00 -2.10074781e+01 -1.43463064e+01 -1.65195982e+01 
 1.69824365e+05 -9.02243951e+00 -2.03267616e+01 -1.40858699e+01 -1.58177142e+01 
 1.73780083e+05 -8.86432945e+00 -1.96645833e+01 -1.38226352e+01 -1.51367340e+01 
 1.77827941e+05 -8.70443485e+00 -1.90206783e+01 -1.35569034e+01 -1.44764345e+01 
 1.81970086e+05 -8.54295715e+00 -1.83947795e+01 -1.32889824e+01 -1.38365851e+01 
 1.86208714e+05 -8.38010062e+00 -1.77866177e+01 -1.30191849e+01 -1.32169468e+01 
 1.90546072e+05 -8.21607173e+00 -1.71959207e+01 -1.27478284e+01 -1.26172719e+01 
 1.94984460e+05 -8.05107842e+00 -1.66224132e+01 -1.24752332e+01 -1.20373028e+01 
 1.99526231e+05 -7.88532943e+00 -1.60658161e+01 -1.22017214e+01 -1.14767720e+01 
 2.04173794e+05 -7.71903352e+00 -1.55258464e+01 -1.19276161e+01 -1.09354015e+01 
 2.08929613e+05 -7.55239880e+00 -1.50022172e+01 -1.16532399e+01 -1.04129028e+01 
 2.13796209e+05 -7.38563192e+00 -1.44946370e+01 -1.13789133e+01 -9.90897640e+00 
 2.18776162e+05 -7.21893736e+00 -1.40028104e+01 -1.11049544e+01 -9.42331207e+00 
 2.23872114e+05 -7.05251668e+00 -1.35264371e+01 -1.08316766e+01 -8.95558883e+00 
 2.29086765e+05 -6.88656780e+00 -1.30652131e+01 -1.05593883e+01 -8.50547515e+00 
 2.34422882e+05 -6.72128434e+00 -1.26188299e+01 -1.02883913e+01 -8.07262928e+00 
 2.39883292e+05 -6.55685489e+00 -1.21869753e+01 -1.00189798e+01 -7.65669965e+00 
 2.45470892e+05 -6.39346243e+00 -1.17693332e+01 -9.75143942e+00 -7.25732534e+00 
 2.51188643e+05 -6.23128373e+00 -1.13655845e+01 -9.48604613e+00 -6.87413675e+00 
 2.57039578e+05 -6.07048879e+00 -1.09754069e+01 -9.22306545e+00 -6.50675619e+00 
 2.63026799e+05 -5.91124034e+00 -1.05984756e+01 -8.96275157e+00 -6.15479865e+00 
 2.69153480e+05 -5.75369343e+00 -1.02344637e+01 -8.70534665e+00 -5.81787264e+00 
 2.75422870e+05 -5.59799501e+00 -9.88304272e+00 -8.45108016e+00 -5.49558096e+00 
 2.81838293e+05 -5.44428362e+00 -9.54388297e+00 -8.20016834e+00 -5.18752167e+00 
 2.88403150e+05 -5.29268907e+00 -9.21665430e+00 -7.95281373e+00 -4.89328899e+00 
 2.95120923e+05 -5.14333231e+00 -8.90102648e+00 -7.70920482e+00 -4.61247422e+00 
 3.01995172e+05 -4.99632517e+00 -8.59666984e+00 -7.46951579e+00 -4.34466673e+00 
 3.09029543e+05 -4.85177034e+00 -8.30325575e+00 -7.23390632e+00 -4.08945493e+00 
 3.16227766e+05 -4.70976129e+00 -8.02045724e+00 -7.00252150e+00 -3.84642717e+00 
 3.23593657e+05 -4.57038229e+00 -7.74794954e+00 -6.77549187e+00 -3.61517273e+00 
 3.31131121e+05 -4.43370845e+00 -7.48541056e+00 -6.55293345e+00 -3.39528274e+00 
 3.38844156e+05 -4.29980586e+00 -7.23252145e+00 -6.33494795e+00 -3.18635100e+00 
 3.46736850e+05 -4.16873170e+00 -6.98896707e+00 -6.12162298e+00 -2.98797490e+00 
 3.54813389e+05 -4.04053447e+00 -6.75443649e+00 -5.91303237e+00 -2.79975620e+00 
 3.63078055e+05 -3.91525422e+00 -6.52862337e+00 -5.70923649e+00 -2.62130179e+00 
 3.71535229e+05 -3.79292278e+00 -6.31122642e+00 -5.51028274e+00 -2.45222440e+00 
 3.80189396e+05 -3.67356409e+00 -6.10194977e+00 -5.31620593e+00 -2.29214327e+00 
 3.89045145e+05 -3.55719447e+00 -5.90050328e+00 -5.12702886e+00 -2.14068474e+00 
 3.98107171e+05 -3.44382303e+00 -5.70660289e+00 -4.94276279e+00 -1.99748283e+00 
 4.07380278e+05 -3.33345197e+00 -5.51997085e+00 -4.76340806e+00 -1.86217966e+00 
 4.16869383e+05 -3.22607695e+00 -5.34033603e+00 -4.58895467e+00 -1.73442597e+00 
 4.26579519e+05 -3.12168751e+00 -5.16743404e+00 -4.41938286e+00 -1.61388143e+00 
 4.36515832e+05 -3.02026741e+00 -5.00100745e+00 -4.25466374e+00 -1.50021499e+00 
 4.46683592e+05 -2.92179507e+00 -4.84080591e+00 -4.09475995e+00 -1.39310511e+00 
 4.57088190e+05 -2.82624391e+00 -4.68658626e+00 -3.93962620e+00 -1.29224002e+00 
 4.67735141e+05 -2.73358275e+00 -4.53811261e+00 -3.78920998e+00 -1.19731786e+00 
 4.78630092e+05 -2.64377623e+00 -4.39515636e+00 -3.64345209e+00 -1.10804675e+00 
 4.89778819e+05 -2.55678513e+00 -4.25749626e+00 -3.50228733e+00 -1.02414493e+00 
 5.01187234e+05 -2.47256678e+00 -4.12491833e+00 -3.36564499e+00 -9.45340738e-01 
 5.12861384e+05 -2.39107538e+00 -3.99721591e+00 -3.23344950e+00 -8.71372589e-01 
 5.24807460e+05 -2.31226239e+00 -3.87418955e+00 -3.10562094e+00 -8.01988948e-01 
 5.37031796e+05 -2.23607681e+00 -3.75564693e+00 -2.98207557e+00 -7.36948230e-01 
 5.49540874e+05 -2.16246553e+00 -3.64140281e+00 -2.86272635e+00 -6.76018686e-01 
 5.62341325e+05 -2.09137362e+00 -3.53127888e+00 -2.74748341e+00 -6.18978260e-01 
 5.75439937e+05 -2.02274461e+00 -3.42510364e+00 -2.63625454e+00 -5.65614420e-01 
 5.88843655e+05 -1.95652078e+00 -3.32271230e+00 -2.52894558e+00 -5.15723970e-01 
 6.02559586e+05 -1.89264338e+00 -3.22394656e+00 -2.42546084e+00 -4.69112841e-01 
 6.16595002e+05 -1.83105292e+00 -3.12865453e+00 -2.32570351e+00 -4.25595870e-01 
 6.30957344e+05 -1.77168934e+00 -3.03669052e+00 -2.22957597e+00 -3.84996558e-01 
 6.45654229e+05 -1.71449223e+00 -2.94791485e+00 -2.13698018e+00 -3.47146827e-01 
 6.60693448e+05 -1.65940105e+00 -2.86219373e+00 -2.04781790e+00 -3.11886760e-01 
 6.76082975e+05 -1.60635527e+00 -2.77939903e+00 -1.96199106e+00 -2.79064338e-01 
 6.91830971e+05 -1.55529454e+00 -2.69940813e+00 -1.87940197e+00 -2.48535174e-01 
 7.07945784e+05 -1.50615885e+00 -2.62210370e+00 -1.79995354e+00 -2.20162236e-01 
 7.24435960e+05 -1.45888864e+00 -2.54737354e+00 -1.72354956e+00 -1.93815580e-01 
 7.41310241e+05 -1.41342496e+00 -2.47511041e+00 -1.65009481e+00 -1.69372075e-01 
 7.58577575e+05 -1.36970939e+00 -2.40521183e+00 -1.57949525e+00 -1.46715193e-01 
 7.76247117e+05 -1.32768469e+00 -2.33757980e+00 -1.51165829e+00 -1.25734476e-01 
 7.94328235e+05 -1.28729411e+00 -2.27212084e+00 -1.44649273e+00 -1.06325680e-01 
 8.12830516e+05 -1.24848197e+00 -2.20874562e+00 -1.38390901e+00 -8.83902280e-02 
 8.31763771e+05 -1.21119359e+00 -2.14736888e+00 -1.32381926e+00 -7.18350324e-02 
 8.51138038e+05 -1.17537536e+00 -2.08790922e+00 -1.26613745e+00 -5.65722384e-02 
 8.70963590e+05 -1.14097478e+00 -2.03028898e+00 -1.21077936e+00 -4.25189796e-02 
 8.91250938e+05 -1.10794049e+00 -1.97443403e+00 -1.15766275e+00 -2.95971407e-02 
 9.12010839e+05 -1.07622232e+00 -1.92027363e+00 -1.10670733e+00 -1.77331248e-02 
 9.33254301e+05 -1.04577130e+00 -1.86774030e+00 -1.05783485e+00 -6.85762935e-03 
 9.54992586e+05 -1.01653967e+00 -1.81676968e+00 -1.01096907e+00  3.09457084e-03 
 9.77237221e+05 -9.88480882e-01 -1.76730034e+00 -9.66035856e-01  1.21848161e-02 
 1.00000000e+06 -9.61549732e-01 -1.71927367e+00 -9.22963126e-01  2.04708304e-02 
 1.02329299e+06 -9.35702093e-01 -1.67263382e+00 -8.81680875e-01  2.80067844e-02 
 1.04712855e+06 -9.10895302e-01 -1.62732740e+00 -8.42121190e-01  3.48436680e-02 
 1.07151931e+06 -8.87087747e-01 -1.58330357e+00 -8.04218207e-01  4.10292714e-02 
 1.09647820e+06 -8.64239112e-01 -1.54051378e+00 -7.67908117e-01  4.66084779e-02 
 1.12201845e+06 -8.42310293e-01 -1.49891172e+00 -7.33129141e-01  5.16233934e-02 
 1.14815362e+06 -8.21263408e-01 -1.45845319e+00 -6.99821503e-01  5.61135117e-02 
 1.17489755e+06 -8.01061753e-01 -1.41909603e+00 -6.67927407e-01  6.01158491e-02 
 1.20226443e+06 -7.81669772e-01 -1.38079999e+00 -6.37390996e-01  6.36650854e-02 
 1.23026877e+06 -7.63053132e-01 -1.34352664e+00 -6.08158328e-01  6.67937343e-02 
 1.25892541e+06 -7.45178563e-01 -1.30723932e+00 -5.80177332e-01  6.95322145e-02 
 1.28824955e+06 -7.28013888e-01 -1.27190304e+00 -5.53397767e-01  7.19089940e-02 
 1.31825674e+06 -7.11528131e-01 -1.23748434e+00 -5.27771191e-01  7.39507579e-02 
 1.34896288e+06 -6.95691261e-01 -1.20395133e+00 -5.03250905e-01  7.56824232e-02 
 1.38038426e+06 -6.80474325e-01 -1.17127354e+00 -4.79791923e-01  7.71273071e-02 
 1.41253754e+06 -6.65849379e-01 -1.13942187e+00 -4.57350915e-01  7.83072074e-02 
 1.44543977e+06 -6.51789467e-01 -1.10836851e+00 -4.35886171e-01  7.92424964e-02 
 1.47910839e+06 -6.38268595e-01 -1.07808692e+00 -4.15357553e-01  7.99522075e-02 
 1.51356125e+06 -6.25261705e-01 -1.04855175e+00 -3.95726446e-01  8.04541188e-02 
 1.54881662e+06 -6.12744651e-01 -1.01973875e+00 -3.76955720e-01  8.07648312e-02 
 1.58489319e+06 -6.00694171e-01 -9.91624793e-01 -3.59009675e-01  8.08998409e-02 
 1.62181010e+06 -5.89087863e-01 -9.64187761e-01 -3.41854004e-01  8.08736090e-02 
 1.65958691e+06 -5.77904174e-01 -9.37406525e-01 -3.25455744e-01  8.06996316e-02 
 1.69824365e+06 -5.67122326e-01 -9.11260908e-01 -3.09783230e-01  8.03904851e-02 
 1.73780083e+06 -5.56722409e-01 -8.85731609e-01 -2.94806055e-01  7.99579210e-02 
 1.77827941e+06 -5.46685187e-01 -8.60800216e-01 -2.80495028e-01  7.94128665e-02 
 1.81970086e+06 -5.36992232e-01 -8.36449119e-01 -2.66822124e-01  7.87655252e-02 
 1.86208714e+06 -5.27625839e-01 -8.12661494e-01 -2.53760453e-01  7.80254034e-02 
 1.90546072e+06 -5.18568968e-01 -7.89421282e-01 -2.41284210e-01  7.72013463e-02 
 1.94984460e+06 -5.09805273e-01 -7.66713137e-01 -2.29368641e-01  7.63015956e-02 
 1.99526231e+06 -5.01319075e-01 -7.44522410e-01 -2.17990005e-01  7.53338242e-02 
 2.04173794e+06 -4.93095366e-01 -7.22835091e-01 -2.07125528e-01  7.43051828e-02 
 2.08929613e+06 -4.85119717e-01 -7.01637822e-01 -1.96753377e-01  7.32223129e-02 
 2.13796209e+06 -4.77378347e-01 -6.80917839e-01 -1.86852616e-01  7.20914032e-02 
 2.18776162e+06 -4.69858043e-01 -6.60662962e-01 -1.77403177e-01  7.09182041e-02 
 2.23872114e+06 -4.62546165e-01 -6.40861566e-01 -1.68385820e-01  6.97080610e-02 
 2.29086765e+06 -4.55430660e-01 -6.21502552e-01 -1.59782106e-01  6.84659495e-02 
 2.34422882e+06 -4.48500016e-01 -6.02575322e-01 -1.51574360e-01  6.71964920e-02 
 2.39883292e+06 -4.41743237e-01 -5.84069777e-01 -1.43745646e-01  6.59039782e-02 
 2.45470892e+06 -4.35149857e-01 -5.65976277e-01 -1.36279731e-01  6.45923944e-02 
 2.51188643e+06 -4.28709909e-01 -5.48285628e-01 -1.29161062e-01  6.32654396e-02 
 2.57039578e+06 -4.22413950e-01 -5.30989045e-01 -1.22374731e-01  6.19265524e-02 
 2.63026799e+06 -4.16252990e-01 -5.14078157e-01 -1.15906458e-01  6.05789162e-02 
 2.69153480e+06 -4.10218509e-01 -4.97544986e-01 -1.09742555e-01  5.92254813e-02 
 2.75422870e+06 -4.04302501e-01 -4.81381881e-01 -1.03869905e-01  5.78689934e-02 
 2.81838293e+06 -3.98497355e-01 -4.65581572e-01 -9.82759404e-02  5.65119826e-02 
 2.88403150e+06 -3.92795923e-01 -4.50137098e-01 -9.29486159e-02  5.51567960e-02 
 2.95120923e+06 -3.87191505e-01 -4.35041803e-01 -8.78763874e-02  5.38056063e-02 
 3.01995172e+06 -3.81677795e-01 -4.20289328e-01 -8.30481915e-02  5.24604166e-02 
 3.09029543e+06 -3.76248921e-01 -4.05873576e-01 -7.84534233e-02  5.11230793e-02 
 3.16227766e+06 -3.70899421e-01 -3.91788698e-01 -7.40819163e-02  4.97953039e-02 
 3.23593657e+06 -3.65624203e-01 -3.78029087e-01 -6.99239255e-02  4.84786602e-02 
 3.31131121e+06 -3.60418577e-01 -3.64589344e-01 -6.59701068e-02  4.71745949e-02 
 3.38844156e+06 -3.55278223e-01 -3.51464268e-01 -6.22115005e-02  4.58844346e-02 
 3.46736850e+06 -3.50199190e-01 -3.38648835e-01 -5.86395145e-02  4.46093952e-02 
 3.54813389e+06 -3.45177873e-01 -3.26138183e-01 -5.52459085e-02  4.33505862e-02 
 3.63078055e+06 -3.40211003e-01 -3.13927601e-01 -5.20227786e-02  4.21090174e-02 
 3.71535229e+06 -3.35295662e-01 -3.02012487e-01 -4.89625411e-02  4.08856083e-02 
 3.80189396e+06 -3.30429238e-01 -2.90388358e-01 -4.60579213e-02  3.96811880e-02 
 3.89045145e+06 -3.25609415e-01 -2.79050835e-01 -4.33019396e-02  3.84965007e-02 
 3.98107171e+06 -3.20834189e-01 -2.67995596e-01 -4.06878968e-02  3.73322148e-02 
 4.07380278e+06 -3.16101817e-01 -2.57218397e-01 -3.82093647e-02  3.61889205e-02 
 4.16869383e+06 -3.11410833e-01 -2.46715033e-01 -3.58601737e-02  3.50671387e-02 
 4.26579519e+06 -3.06760020e-01 -2.36481332e-01 -3.36344014e-02  3.39673225e-02 
 4.36515832e+06 -3.02148376e-01 -2.26513152e-01 -3.15263641e-02  3.28898578e-02 
 4.46683592e+06 -2.97575140e-01 -2.16806352e-01 -2.95306061e-02  3.18350716e-02 
 4.57088190e+06 -2.93039743e-01 -2.07356785e-01 -2.76418897e-02  3.08032318e-02 
 4.67735141e+06 -2.88541795e-01 -1.98160303e-01 -2.58551890e-02  2.97945483e-02 
 4.78630092e+06 -2.84081087e-01 -1.89212719e-01 -2.41656787e-02  2.88091804e-02 
 4.89778819e+06 -2.79657545e-01 -1.80509834e-01 -2.25687296e-02  2.78472337e-02 
 5.01187234e+06 -2.75271234e-01 -1.72047400e-01 -2.10598988e-02  2.69087664e-02 
 5.12861384e+06 -2.70922335e-01 -1.63821133e-01 -1.96349243e-02  2.59937902e-02 
 5.24807460e+06 -2.66611124e-01 -1.55826701e-01 -1.82897174e-02  2.51022723e-02 
 5.37031796e+06 -2.62337958e-01 -1.48059719e-01 -1.70203572e-02  2.42341385e-02 
 5.49540874e+06 -2.58103250e-01 -1.40515758e-01 -1.58230851e-02  2.33892738e-02 
 5.62341325e+06 -2.53907461e-01 -1.33190336e-01 -1.46942984e-02  2.25675259e-02 
 5.75439937e+06 -2.49751084e-01 -1.26078914e-01 -1.36305449e-02  2.17687075e-02 
 5.88843655e+06 -2.45634615e-01 -1.19176912e-01 -1.26285192e-02  2.09925966e-02 
 6.02559586e+06 -2.41558549e-01 -1.12479704e-01 -1.16850564e-02  2.02389404e-02 
 6.16595002e+06 -2.37523365e-01 -1.05982617e-01 -1.07971281e-02  1.95074570e-02 
 6.30957344e+06 -2.33529503e-01 -9.96809507e-02 -9.96183805e-03  1.87978365e-02 
 6.45654229e+06 -2.29577358e-01 -9.35699714e-02 -9.17641776e-03  1.81097443e-02 
 6.60693448e+06 -2.25667261e-01 -8.76449266e-02 -8.43822238e-03  1.74428223e-02 
 6.76082975e+06 -2.21799475e-01 -8.19010482e-02 -7.74472646e-03  1.67966914e-02 
 6.91830971e+06 -2.17974176e-01 -7.63335710e-02 -7.09352086e-03  1.61709532e-02 
 7.07945784e+06 -2.14191450e-01 -7.09377306e-02 -6.48230795e-03  1.55651922e-02 
 7.24435960e+06 -2.10451277e-01 -6.57087856e-02 -5.90889884e-03  1.49789778e-02 
 7.41310241e+06 -2.06753531e-01 -6.06420213e-02 -5.37120921e-03  1.44118662e-02 
 7.58577575e+06 -2.03097968e-01 -5.57327661e-02 -4.86725618e-03  1.38634020e-02 
 7.76247117e+06 -1.99484223e-01 -5.09764040e-02 -4.39515481e-03  1.33331207e-02 
 7.94328235e+06 -1.95911806e-01 -4.63683841e-02 -3.95311452e-03  1.28205500e-02 
 8.12830516e+06 -1.92380095e-01 -4.19042427e-02 -3.53943638e-03  1.23252116e-02 
 8.31763771e+06 -1.88888344e-01 -3.75796051e-02 -3.15250910e-03  1.18466233e-02 
 8.51138038e+06 -1.85435672e-01 -3.33902122e-02 -2.79080661e-03  1.13843003e-02 
 8.70963590e+06 -1.82021069e-01 -2.93319258e-02 -2.45288442e-03  1.09377570e-02 
 8.91250938e+06 -1.78643402e-01 -2.54007483e-02 -2.13737686e-03  1.05065084e-02 
 9.12010839e+06 -1.75301410e-01 -2.15928389e-02 -1.84299412e-03  1.00900717e-02 
 9.33254301e+06 -1.71993719e-01 -1.79045203e-02 -1.56851885e-03  9.68796786e-03 
 9.54992586e+06 -1.68718842e-01 -1.43323030e-02 -1.31280381e-03  9.29972264e-03 
 9.77237221e+06 -1.65475192e-01 -1.08728955e-02 -1.07476870e-03  8.92486816e-03 
 1.00000000e+07 -1.62261091e-01 -7.52321816e-03 -8.53397414e-04  8.56294411e-03 
 1.02329299e+07 -1.59074781e-01 -4.28041803e-03 -6.47735187e-04  8.21349886e-03 
 1.04712855e+07 -1.55914438e-01 -1.14188441e-03 -4.56886055e-04  7.87609057e-03 
 1.07151931e+07 -1.52778191e-01  1.89474021e-03 -2.80010026e-04  7.55028838e-03 
 1.09647820e+07 -1.49664137e-01  4.83154967e-03 -1.16320345e-04  7.23567335e-03 
 1.12201845e+07 -1.46570361e-01  7.67035937e-03  3.49189490e-05  6.93183932e-03 
 1.14815362e+07 -1.43494962e-01  1.04127000e-02  1.74395784e-04  6.63839402e-03 
 1.17489755e+07 -1.40436072e-01  1.30598068e-02  3.02752514e-04  6.35495962e-03 
 1.20226443e+07 -1.37391887e-01  1.56126164e-02  4.20588618e-04  6.08117374e-03 
 1.23026877e+07 -1.34360694e-01  1.80717608e-02  5.28463143e-04  5.81669000e-03 
 1.25892541e+07 -1.31340903e-01  2.04375683e-02  6.26897327e-04  5.56117876e-03 
 1.28824955e+07 -1.28331079e-01  2.27100659e-02  7.16377178e-04  5.31432761e-03 
 1.31825674e+07 -1.25329975e-01  2.48889823e-02  7.97355870e-04  5.07584186e-03 
 1.34896288e+07 -1.22336573e-01  2.69737628e-02  8.70256506e-04  4.84544490e-03 
 1.38038426e+07 -1.19350116e-01  2.89635822e-02  9.35474615e-04  4.62287852e-03 
 1.41253754e+07 -1.16370147e-01  3.08573646e-02  9.93380687e-04  4.40790304e-03 
 1.44543977e+07 -1.13396549e-01  3.26538107e-02  1.04432284e-03  4.20029734e-03 
 1.47910839e+07 -1.10429577e-01  3.43514291e-02  1.08862936e-03  3.99985872e-03 
 1.51356125e+07 -1.07469893e-01  3.59485741e-02  1.12661127e-03  3.80640261e-03 
 1.54881662e+07 -1.04518601e-01  3.74434922e-02  1.15856492e-03  3.61976215e-03 
 1.58489319e+07 -1.01577268e-01  3.88343717e-02  1.18477448e-03  3.43978741e-03 
 1.62181010e+07 -9.86479494e-02  4.01194020e-02  1.20551439e-03  3.26634468e-03 
 1.65958691e+07 -9.57332025e-02  4.12968345e-02  1.22105165e-03  3.09931520e-03 
 1.69824365e+07 -9.28360927e-02  4.23650522e-02  1.23164810e-03  2.93859402e-03 
 1.73780083e+07 -8.99601893e-02  4.33226424e-02  1.23756247e-03  2.78408833e-03 
 1.77827941e+07 -8.71095532e-02  4.41684690e-02  1.23905219e-03  2.63571577e-03 
 1.81970086e+07 -8.42887115e-02  4.49017487e-02  1.23637500e-03  2.49340255e-03 
 1.86208714e+07 -8.15026195e-02  4.55221254e-02  1.22979031e-03  2.35708124e-03 
 1.90546072e+07 -7.87566126e-02  4.60297396e-02  1.21956018e-03  2.22668864e-03 
 1.94984460e+07 -7.60563426e-02  4.64252939e-02  1.20595000e-03  2.10216339e-03 
 1.99526231e+07 -7.34077065e-02  4.67101107e-02  1.18922879e-03  1.98344363e-03 
 2.04173794e+07 -7.08167610e-02  4.68861768e-02  1.16966906e-03  1.87046469e-03 
 2.08929613e+07 -6.82896314e-02  4.69561795e-02  1.14754643e-03  1.76315681e-03 
 2.13796209e+07 -6.58324132e-02  4.69235242e-02  1.12313871e-03  1.66144309e-03 
 2.18776162e+07 -6.34510678e-02  4.67923411e-02  1.09672477e-03  1.56523760e-03 
 2.23872114e+07 -6.11513200e-02  4.65674718e-02  1.06858304e-03  1.47444374e-03 
 2.29086765e+07 -5.89385552e-02  4.62544410e-02  1.03898977e-03  1.38895304e-03 
 2.34422882e+07 -5.68177228e-02  4.58594109e-02  1.00821710e-03  1.30864418e-03 
 2.39883292e+07 -5.47932463e-02  4.53891232e-02  9.76531037e-04  1.23338252e-03 
 2.45470892e+07 -5.28689453e-02  4.48508239e-02  9.44189337e-04  1.16301996e-03 
 2.51188643e+07 -5.10479682e-02  4.42521793e-02  9.11439455e-04  1.09739523e-03 
 2.57039578e+07 -4.93327422e-02  4.36011826e-02  8.78516583e-04  1.03633457e-03 
 2.63026799e+07 -4.77249356e-02  4.29060540e-02  8.45641842e-04  9.79652708e-04 
 2.69153480e+07 -4.62254390e-02  4.21751386e-02  8.13020710e-04  9.27154198e-04 
 2.75422870e+07 -4.48343616e-02  4.14168032e-02  7.80841698e-04  8.78634985e-04 
 2.81838293e+07 -4.35510424e-02  4.06393368e-02  7.49275347e-04  8.33884149e-04 
 2.88403150e+07 -4.23740774e-02  3.98508552e-02  7.18473511e-04  7.92685803e-04 
 2.95120923e+07 -4.13013579e-02  3.90592137e-02  6.88568985e-04  7.54821037e-04 
 3.01995172e+07 -4.03301215e-02  3.82719284e-02  6.59675437e-04  7.20069877e-04 
 3.09029543e+07 -3.94570114e-02  3.74961085e-02  6.31887642e-04  6.88213213e-04 
 3.16227766e+07 -3.86781427e-02  3.67383989e-02  6.05281992e-04  6.59034605e-04 
 3.23593657e+07 -3.79891744e-02  3.60049353e-02  5.79917244e-04  6.32321993e-04 
 3.31131121e+07 -3.73853819e-02  3.53013116e-02  5.55835487e-04  6.07869200e-04 
 3.38844156e+07 -3.68617337e-02  3.46325579e-02  5.33063266e-04  5.85477293e-04 
 3.46736850e+07 -3.64129641e-02  3.40031299e-02  5.11612837e-04  5.64955713e-04 
 3.54813389e+07 -3.60336444e-02  3.34169090e-02  4.91483524e-04  5.46123196e-04 
 3.63078055e+07 -3.57182512e-02  3.28772106e-02  4.72663112e-04  5.28808505e-04 
 3.71535229e+07 -3.54612275e-02  3.23868018e-02  4.55129279e-04  5.12850938e-04 
 3.80189396e+07 -3.52570406e-02  3.19479240e-02  4.38850995e-04  4.98100653e-04 
 3.89045145e+07 -3.51002317e-02  3.15623232e-02  4.23789901e-04  4.84418814e-04 
 3.98107171e+07 -3.49854596e-02  3.12312826e-02  4.09901617e-04  4.71677571e-04 
 4.07380278e+07 -3.49075381e-02  3.09556597e-02  3.97136980e-04  4.59759907e-04 
 4.16869383e+07 -3.48614656e-02  3.07359243e-02  3.85443182e-04  4.48559348e-04 
 4.26579519e+07 -3.48424493e-02  3.05721982e-02  3.74764816e-04  4.37979592e-04 
 4.36515832e+07 -3.48459225e-02  3.04642940e-02  3.65044809e-04  4.27934039e-04 
 4.46683592e+07 -3.48675574e-02  3.04117540e-02  3.56225252e-04  4.18345276e-04 
 4.57088190e+07 -3.49032715e-02  3.04138870e-02  3.48248120e-04  4.09144502e-04 
 4.67735141e+07 -3.49492307e-02  3.04698033e-02  3.41055887e-04  4.00270941e-04 
 4.78630092e+07 -3.50018480e-02  3.05784477e-02  3.34592048e-04  3.91671229e-04 
 4.89778819e+07 -3.50577789e-02  3.07386293e-02  3.28801540e-04  3.83298812e-04 
 5.01187234e+07 -3.51139145e-02  3.09490492e-02  3.23631083e-04  3.75113343e-04 
 5.12861384e+07 -3.51673723e-02  3.12083247e-02  3.19029448e-04  3.67080101e-04 
 5.24807460e+07 -3.52154851e-02  3.15150113e-02  3.14947647e-04  3.59169437e-04 
 5.37031796e+07 -3.52557890e-02  3.18676218e-02  3.11339073e-04  3.51356244e-04 
 5.49540874e+07 -3.52860107e-02  3.22646422e-02  3.08159581e-04  3.43619460e-04 
 5.62341325e+07 -3.53040543e-02  3.27045459e-02  3.05367526e-04  3.35941610e-04 
 5.75439937e+07 -3.53079874e-02  3.31858050e-02  3.02923767e-04  3.28308376e-04 
 5.88843655e+07 -3.52960284e-02  3.37069001e-02  3.00791640e-04  3.20708212e-04 
 6.02559586e+07 -3.52665330e-02  3.42663272e-02  2.98936901e-04  3.13131983e-04 
 6.16595002e+07 -3.52179815e-02  3.48626041e-02  2.97327654e-04  3.05572647e-04 
 6.30957344e+07 -3.51489674e-02  3.54942738e-02  2.95934267e-04  2.98024970e-04 
 6.45654229e+07 -3.50581851e-02  3.61599082e-02  2.94729269e-04  2.90485259e-04 
 6.60693448e+07 -3.49444199e-02  3.68581091e-02  2.93687247e-04  2.82951140e-04 
 6.76082975e+07 -3.48065379e-02  3.75875089e-02  2.92784731e-04  2.75421356e-04 
 6.91830971e+07 -3.46434766e-02  3.83467705e-02  2.92000090e-04  2.67895581e-04 
 7.07945784e+07 -3.44542369e-02  3.91345860e-02  2.91313407e-04  2.60374274e-04 
 7.24435960e+07 -3.42378753e-02  3.99496753e-02  2.90706377e-04  2.52858534e-04 
 7.41310241e+07 -3.39934971e-02  4.07907837e-02  2.90162195e-04  2.45349991e-04 
 7.58577575e+07 -3.37202505e-02  4.16566793e-02  2.89665444e-04  2.37850701e-04 
 7.76247117e+07 -3.34173211e-02  4.25461500e-02  2.89202005e-04  2.30363057e-04 
 7.94328235e+07 -3.30839276e-02  4.34580005e-02  2.88758950e-04  2.22889724e-04 
 8.12830516e+07 -3.27193175e-02  4.43910485e-02  2.88324456e-04  2.15433569e-04 
 8.31763771e+07 -3.23227640e-02  4.53441214e-02  2.87887718e-04  2.07997615e-04 
 8.51138038e+07 -3.18935635e-02  4.63160525e-02  2.87438867e-04  2.00584996e-04 
 8.70963590e+07 -3.14310332e-02  4.73056774e-02  2.86968897e-04  1.93198923e-04 
 8.91250938e+07 -3.09345100e-02  4.83118304e-02  2.86469594e-04  1.85842656e-04 
 9.12010839e+07 -3.04033492e-02  4.93333406e-02  2.85933471e-04  1.78519480e-04 
 9.33254301e+07 -2.98369241e-02  5.03690286e-02  2.85353711e-04  1.71232693e-04 
 9.54992586e+07 -2.92346265e-02  5.14177030e-02  2.84724112e-04  1.63985586e-04 
 9.77237221e+07 -2.85958664e-02  5.24781571e-02  2.84039037e-04  1.56781438e-04 
 1.00000000e+08 -2.79200736e-02  5.35491656e-02  2.83293370e-04  1.49623509e-04 
 1.02329299e+08 -2.72066989e-02  5.46294820e-02  2.82482475e-04  1.42515035e-04 
 1.04712855e+08 -2.64552155e-02  5.57178355e-02  2.81602163e-04  1.35459227e-04 
 1.07151931e+08 -2.56651216e-02  5.68129289e-02  2.80648655e-04  1.28459269e-04 
 1.09647820e+08 -2.48359424e-02  5.79134363e-02  2.79618553e-04  1.21518321e-04 
 1.12201845e+08 -2.39672331e-02  5.90180010e-02  2.78508822e-04  1.14639519e-04 
 1.14815362e+08 -2.30585821e-02  6.01252342e-02  2.77316758e-04  1.07825979e-04 
 1.17489755e+08 -2.21096139e-02  6.12337138e-02  2.76039974e-04  1.01080798e-04 
 1.20226443e+08 -2.11199929e-02  6.23419831e-02  2.74676384e-04  9.44070559e-05 
 1.23026877e+08 -2.00894272e-02  6.34485509e-02  2.73224185e-04  8.78078217e-05 
 1.25892541e+08 -1.90176725e-02  6.45518911e-02  2.71681848e-04  8.12861527e-05 
 1.28824955e+08 -1.79045361e-02  6.56504429e-02  2.70048106e-04  7.48450980e-05 
 1.31825674e+08 -1.67498811e-02  6.67426120e-02  2.68321947e-04  6.84876995e-05 
 1.34896288e+08 -1.55536308e-02  6.78267715e-02  2.66502608e-04  6.22169931e-05 
 1.38038426e+08 -1.43157727e-02  6.89012636e-02  2.64589568e-04  5.60360083e-05 
 1.41253754e+08 -1.30363630e-02  6.99644023e-02  2.62582543e-04  4.99477679e-05 
 1.44543977e+08 -1.17155309e-02  7.10144752e-02  2.60481488e-04  4.39552862e-05 
 1.47910839e+08 -1.03534822e-02  7.20497474e-02  2.58286588e-04  3.80615663e-05 
 1.51356125e+08 -8.95050393e-03  7.30684649e-02  2.55998263e-04  3.22695967e-05 
 1.54881662e+08 -7.50696756e-03  7.40688585e-02  2.53617162e-04  2.65823469e-05 
 1.58489319e+08 -6.02333270e-03  7.50491487e-02  2.51144165e-04  2.10027614e-05 
 1.62181010e+08 -4.50015035e-03  7.60075507e-02  2.48580381e-04  1.55337539e-05 
 1.65958691e+08 -2.93806555e-03  7.69422798e-02  2.45927148e-04  1.01781991e-05 
 1.69824365e+08 -1.33782002e-03  7.78515571e-02  2.43186033e-04  4.93892474e-06 
 1.73780083e+08  2.99746104e-04  7.87336164e-02  2.40358828e-04 -1.81297697e-07 
 1.77827941e+08  1.97369256e-03  7.95867102e-02  2.37447551e-04 -5.17976299e-06 
 1.81970086e+08  3.68297821e-03  8.04091167e-02  2.34454443e-04 -1.00538430e-05 
 1.86208714e+08  5.42646065e-03  8.11991475e-02  2.31381964e-04 -1.48009982e-05 
 1.90546072e+08  7.20289646e-03  8.19551541e-02  2.28232790e-04 -1.94187892e-05 
 1.94984460e+08  9.01094213e-03  8.26755360e-02  2.25009809e-04 -2.39048889e-05 
 1.99526231e+08  1.08491557e-02  8.33587483e-02  2.21716112e-04 -2.82570957e-05 
 2.04173794e+08  1.27159992e-02  8.40033086e-02  2.18354991e-04 -3.24733455e-05 
 2.08929613e+08  1.46098412e-02  8.46078053e-02  2.14929925e-04 -3.65517243e-05 
 2.13796209e+08  1.65289611e-02  8.51709043e-02  2.11444577e-04 -4.04904812e-05 
 2.18776162e+08  1.84715532e-02  8.56913566e-02  2.07902779e-04 -4.42880401e-05 
 2.23872114e+08  2.04357317e-02  8.61680048e-02  2.04308523e-04 -4.79430115e-05 
 2.29086765e+08  2.24195368e-02  8.65997895e-02  2.00665946e-04 -5.14542036e-05 
 2.34422882e+08  2.44209407e-02  8.69857556e-02  1.96979320e-04 -5.48206326e-05 
 2.39883292e+08  2.64378550e-02  8.73250579e-02  1.93253034e-04 -5.80415320e-05 
 2.45470892e+08  2.84681376e-02  8.76169654e-02  1.89491580e-04 -6.11163611e-05 
 2.51188643e+08  3.05096014e-02  8.78608665e-02  1.85699535e-04 -6.40448127e-05 
 2.57039578e+08  3.25600222e-02  8.80562718e-02  1.81881546e-04 -6.68268179e-05 
 2.63026799e+08  3.46171474e-02  8.82028175e-02  1.78042310e-04 -6.94625520e-05 
 2.69153480e+08  3.66787057e-02  8.83002675e-02  1.74186560e-04 -7.19524372e-05 
 2.75422870e+08  3.87424154e-02  8.83485144e-02  1.70319039e-04 -7.42971441e-05 
 2.81838293e+08  4.08059944e-02  8.83475806e-02  1.66444488e-04 -7.64975923e-05 
 2.88403150e+08  4.28671692e-02  8.82976175e-02  1.62567627e-04 -7.85549490e-05 
 2.95120923e+08  4.49236844e-02  8.81989046e-02  1.58693131e-04 -8.04706262e-05 
 3.01995172e+08  4.69733118e-02  8.80518476e-02  1.54825617e-04 -8.22462762e-05 
 3.09029543e+08  4.90138592e-02  8.78569757e-02  1.50969627e-04 -8.38837858e-05 
 3.16227766e+08  5.10431792e-02  8.76149383e-02  1.47129606e-04 -8.53852692e-05 
 3.23593657e+08  5.30591774e-02  8.73265005e-02  1.43309890e-04 -8.67530590e-05 
 3.31131121e+08  5.50598201e-02  8.69925385e-02  1.39514688e-04 -8.79896966e-05 
 3.38844156e+08  5.70431417e-02  8.66140344e-02  1.35748070e-04 -8.90979214e-05 
 3.46736850e+08  5.90072516e-02  8.61920696e-02  1.32013953e-04 -9.00806580e-05 
 3.54813389e+08  6.09503399e-02  8.57278190e-02  1.28316088e-04 -9.09410038e-05 
 3.63078055e+08  6.28706834e-02  8.52225434e-02  1.24658050e-04 -9.16822152e-05 
 3.71535229e+08  6.47666503e-02  8.46775831e-02  1.21043229e-04 -9.23076925e-05 
 3.80189396e+08  6.66367038e-02  8.40943494e-02  1.17474820e-04 -9.28209659e-05 
 3.89045145e+08  6.84794064e-02  8.34743178e-02  1.13955821e-04 -9.32256795e-05 
 3.98107171e+08  7.02934221e-02  8.28190195e-02  1.10489020e-04 -9.35255759e-05 
 4.07380278e+08  7.20775185e-02  8.21300338e-02  1.07077001e-04 -9.37244809e-05 
 4.16869383e+08  7.38305681e-02  8.14089802e-02  1.03722133e-04 -9.38262874e-05 
 4.26579519e+08  7.55515490e-02  8.06575103e-02  1.00426573e-04 -9.38349403e-05 
 4.36515832e+08  7.72395453e-02  7.98773005e-02  9.71922647e-05 -9.37544216e-05 
 4.46683592e+08  7.88937457e-02  7.90700444e-02  9.40209412e-05 -9.35887351e-05 
 4.57088190e+08  8.05134432e-02  7.82374452e-02  9.09141259e-05 -9.33418928e-05 
 4.67735141e+08  8.20980327e-02  7.73812093e-02  8.78731368e-05 -9.30179006e-05 
 4.78630092e+08  8.36470093e-02  7.65030393e-02  8.48990909e-05 -9.26207462e-05 
 4.89778819e+08  8.51599654e-02  7.56046277e-02  8.19929090e-05 -9.21543857e-05 
 5.01187234e+08  8.66365879e-02  7.46876514e-02  7.91553224e-05 -9.16227332e-05 
 5.12861384e+08  8.80766545e-02  7.37537657e-02  7.63868794e-05 -9.10296494e-05 
 5.24807460e+08  8.94800303e-02  7.28045998e-02  7.36879527e-05 -9.03789320e-05 
 5.37031796e+08  9.08466637e-02  7.18417515e-02  7.10587471e-05 -8.96743069e-05 
 5.49540874e+08  9.21765822e-02  7.08667838e-02  6.84993082e-05 -8.89194197e-05 
 5.62341325e+08  9.34698883e-02  6.98812206e-02  6.60095306e-05 -8.81178290e-05 
 5.75439937e+08  9.47267551e-02  6.88865436e-02  6.35891668e-05 -8.72729994e-05 
 5.88843655e+08  9.59474213e-02  6.78841894e-02  6.12378364e-05 -8.63882964e-05 
 6.02559586e+08  9.71321874e-02  6.68755472e-02  5.89550348e-05 -8.54669819e-05 
 6.16595002e+08  9.82814106e-02  6.58619563e-02  5.67401423e-05 -8.45122097e-05 
 6.30957344e+08  9.93955003e-02  6.48447051e-02  5.45924337e-05 -8.35270227e-05 
 6.45654229e+08  1.00474914e-01  6.38250292e-02  5.25110861e-05 -8.25143505e-05 
 6.60693448e+08  1.01520152e-01  6.28041106e-02  5.04951888e-05 -8.14770075e-05 
 6.76082975e+08  1.02531756e-01  6.17830774e-02  4.85437508e-05 -8.04176921e-05 
 6.91830971e+08  1.03510299e-01  6.07630031e-02  4.66557097e-05 -7.93389859e-05 
 7.07945784e+08  1.04456389e-01  5.97449066e-02  4.48299396e-05 -7.82433537e-05 
 7.24435960e+08  1.05370658e-01  5.87297525e-02  4.30652584e-05 -7.71331443e-05 
 7.41310241e+08  1.06253764e-01  5.77184516e-02  4.13604356e-05 -7.60105915e-05 
 7.58577575e+08  1.07106382e-01  5.67118614e-02  3.97141991e-05 -7.48778152e-05 
 7.76247117e+08  1.07929207e-01  5.57107870e-02  3.81252418e-05 -7.37368236e-05 
 7.94328235e+08  1.08722946e-01  5.47159820e-02  3.65922281e-05 -7.25895150e-05 
 8.12830516e+08  1.09488315e-01  5.37281499e-02  3.51137993e-05 -7.14376804e-05 
 8.31763771e+08  1.10226040e-01  5.27479450e-02  3.36885799e-05 -7.02830058e-05 
 8.51138038e+08  1.10936851e-01  5.17759743e-02  3.23151819e-05 -6.91270755e-05 
 8.70963590e+08  1.11621481e-01  5.08127984e-02  3.09922103e-05 -6.79713750e-05 
 8.91250938e+08  1.12280663e-01  4.98589333e-02  2.97182670e-05 -6.68172938e-05 
 9.12010839e+08  1.12915130e-01  4.89148520e-02  2.84919551e-05 -6.56661292e-05 
 9.33254301e+08  1.13525611e-01  4.79809862e-02  2.73118830e-05 -6.45190893e-05 
 9.54992586e+08  1.14112828e-01  4.70577279e-02  2.61766668e-05 -6.33772964e-05 
 9.77237221e+08  1.14677499e-01  4.61454308e-02  2.50849345e-05 -6.22417907e-05 
 1.00000000e+09  1.15220332e-01  4.52444126e-02  2.40353281e-05 -6.11135337e-05 
