 v-sweep         b0              b1              b2              b3              b4              b5              bb0             bb1             bb2             bb3             bb4             bb5             v-sweep         vout           
 0.00000000e+00 -0.00000000e+00 -0.00000000e+00 -0.00000000e+00 -0.00000000e+00 -0.00000000e+00 -0.00000000e+00  0.00000000e+00  0.00000000e+00  0.00000000e+00  0.00000000e+00  0.00000000e+00  0.00000000e+00  0.00000000e+00  4.84095736e+00 
 1.75781250e-03  1.80000000e+00 -0.00000000e+00 -0.00000000e+00 -0.00000000e+00 -0.00000000e+00 -0.00000000e+00  1.80000000e+00  0.00000000e+00  0.00000000e+00  0.00000000e+00  0.00000000e+00  0.00000000e+00  1.75781250e-03  4.84095737e+00 
 3.51562500e-03 -0.00000000e+00  1.80000000e+00 -0.00000000e+00 -0.00000000e+00 -0.00000000e+00 -0.00000000e+00  0.00000000e+00  1.80000000e+00  0.00000000e+00  0.00000000e+00  0.00000000e+00  0.00000000e+00  3.51562500e-03  2.24552963e+01 
 5.27343750e-03  1.80000000e+00  1.80000000e+00 -0.00000000e+00 -0.00000000e+00 -0.00000000e+00 -0.00000000e+00  1.80000000e+00  1.80000000e+00  0.00000000e+00  0.00000000e+00  0.00000000e+00  0.00000000e+00  5.27343750e-03  4.84095739e+00 
 7.03125000e-03 -0.00000000e+00 -0.00000000e+00  1.80000000e+00 -0.00000000e+00 -0.00000000e+00 -0.00000000e+00  0.00000000e+00  0.00000000e+00  1.80000000e+00  0.00000000e+00  0.00000000e+00  0.00000000e+00  7.03125000e-03  4.84095740e+00 
 8.78906250e-03  1.80000000e+00 -0.00000000e+00  1.80000000e+00 -0.00000000e+00 -0.00000000e+00 -0.00000000e+00  1.80000000e+00  0.00000000e+00  1.80000000e+00  0.00000000e+00  0.00000000e+00  0.00000000e+00  8.78906250e-03  4.84095741e+00 
 1.05468750e-02 -0.00000000e+00  1.80000000e+00  1.80000000e+00 -0.00000000e+00 -0.00000000e+00 -0.00000000e+00  0.00000000e+00  1.80000000e+00  1.80000000e+00  0.00000000e+00  0.00000000e+00  0.00000000e+00  1.05468750e-02  4.84095742e+00 
 1.23046875e-02  1.80000000e+00  1.80000000e+00  1.80000000e+00 -0.00000000e+00 -0.00000000e+00 -0.00000000e+00  1.80000000e+00  1.80000000e+00  1.80000000e+00  0.00000000e+00  0.00000000e+00  0.00000000e+00  1.23046875e-02  4.84095743e+00 
 1.40625000e-02 -0.00000000e+00 -0.00000000e+00 -0.00000000e+00  1.80000000e+00 -0.00000000e+00 -0.00000000e+00  0.00000000e+00  0.00000000e+00  0.00000000e+00  1.80000000e+00  0.00000000e+00  0.00000000e+00  1.40625000e-02  4.84095741e+00 
 1.58203125e-02  1.80000000e+00 -0.00000000e+00 -0.00000000e+00  1.80000000e+00 -0.00000000e+00 -0.00000000e+00  1.80000000e+00  0.00000000e+00  0.00000000e+00  1.80000000e+00  0.00000000e+00  0.00000000e+00  1.58203125e-02  4.84095742e+00 
 1.75781250e-02 -0.00000000e+00  1.80000000e+00 -0.00000000e+00  1.80000000e+00 -0.00000000e+00 -0.00000000e+00  0.00000000e+00  1.80000000e+00  0.00000000e+00  1.80000000e+00  0.00000000e+00  0.00000000e+00  1.75781250e-02  4.84095744e+00 
 1.93359375e-02  1.80000000e+00  1.80000000e+00 -0.00000000e+00  1.80000000e+00 -0.00000000e+00 -0.00000000e+00  1.80000000e+00  1.80000000e+00  0.00000000e+00  1.80000000e+00  0.00000000e+00  0.00000000e+00  1.93359375e-02  4.84095744e+00 
 2.10937500e-02 -0.00000000e+00 -0.00000000e+00  1.80000000e+00  1.80000000e+00 -0.00000000e+00 -0.00000000e+00  0.00000000e+00  0.00000000e+00  1.80000000e+00  1.80000000e+00  0.00000000e+00  0.00000000e+00  2.10937500e-02  4.84095745e+00 
 2.28515625e-02  1.80000000e+00 -0.00000000e+00  1.80000000e+00  1.80000000e+00 -0.00000000e+00 -0.00000000e+00  1.80000000e+00  0.00000000e+00  1.80000000e+00  1.80000000e+00  0.00000000e+00  0.00000000e+00  2.28515625e-02  4.84095746e+00 
 2.46093750e-02 -0.00000000e+00  1.80000000e+00  1.80000000e+00  1.80000000e+00 -0.00000000e+00 -0.00000000e+00  0.00000000e+00  1.80000000e+00  1.80000000e+00  1.80000000e+00  0.00000000e+00  0.00000000e+00  2.46093750e-02  1.95183816e+01 
 2.63671875e-02  1.80000000e+00  1.80000000e+00  1.80000000e+00  1.80000000e+00 -0.00000000e+00 -0.00000000e+00  1.80000000e+00  1.80000000e+00  1.80000000e+00  1.80000000e+00  0.00000000e+00  0.00000000e+00  2.63671875e-02  4.84095748e+00 
 2.81250000e-02 -0.00000000e+00 -0.00000000e+00 -0.00000000e+00 -0.00000000e+00  1.80000000e+00 -0.00000000e+00  0.00000000e+00  0.00000000e+00  0.00000000e+00  0.00000000e+00  1.80000000e+00  0.00000000e+00  2.81250000e-02  4.99423282e+00 
 2.98828125e-02  1.80000000e+00 -0.00000000e+00 -0.00000000e+00 -0.00000000e+00  1.80000000e+00 -0.00000000e+00  1.80000000e+00  0.00000000e+00  0.00000000e+00  0.00000000e+00  1.80000000e+00  0.00000000e+00  2.98828125e-02  4.99423283e+00 
 3.16406250e-02 -0.00000000e+00  1.80000000e+00 -0.00000000e+00 -0.00000000e+00  1.80000000e+00 -0.00000000e+00  0.00000000e+00  1.80000000e+00  0.00000000e+00  0.00000000e+00  1.80000000e+00  0.00000000e+00  3.16406250e-02  4.99423284e+00 
 3.33984375e-02  1.80000000e+00  1.80000000e+00 -0.00000000e+00 -0.00000000e+00  1.80000000e+00 -0.00000000e+00  1.80000000e+00  1.80000000e+00  0.00000000e+00  0.00000000e+00  1.80000000e+00  0.00000000e+00  3.33984375e-02  4.99423285e+00 
 3.51562500e-02 -0.00000000e+00 -0.00000000e+00  1.80000000e+00 -0.00000000e+00  1.80000000e+00 -0.00000000e+00  0.00000000e+00  0.00000000e+00  1.80000000e+00  0.00000000e+00  1.80000000e+00  0.00000000e+00  3.51562500e-02  4.99423285e+00 
 3.69140625e-02 -0.00000000e+00 -0.00000000e+00  1.80000000e+00 -0.00000000e+00  1.80000000e+00 -0.00000000e+00  0.00000000e+00  0.00000000e+00  1.80000000e+00  0.00000000e+00  1.80000000e+00  0.00000000e+00  3.69140625e-02  4.99423285e+00 
 3.86718750e-02  1.80000000e+00 -0.00000000e+00  1.80000000e+00 -0.00000000e+00  1.80000000e+00 -0.00000000e+00  1.80000000e+00  0.00000000e+00  1.80000000e+00  0.00000000e+00  1.80000000e+00  0.00000000e+00  3.86718750e-02  4.99423285e+00 
 4.04296875e-02 -0.00000000e+00  1.80000000e+00  1.80000000e+00 -0.00000000e+00  1.80000000e+00 -0.00000000e+00  0.00000000e+00  1.80000000e+00  1.80000000e+00  0.00000000e+00  1.80000000e+00  0.00000000e+00  4.04296875e-02  4.99423286e+00 
 4.21875000e-02  1.80000000e+00  1.80000000e+00  1.80000000e+00 -0.00000000e+00  1.80000000e+00 -0.00000000e+00  1.80000000e+00  1.80000000e+00  1.80000000e+00  0.00000000e+00  1.80000000e+00  0.00000000e+00  4.21875000e-02  4.99423287e+00 
 4.39453125e-02 -0.00000000e+00 -0.00000000e+00 -0.00000000e+00  1.80000000e+00  1.80000000e+00 -0.00000000e+00  0.00000000e+00  0.00000000e+00  0.00000000e+00  1.80000000e+00  1.80000000e+00  0.00000000e+00  4.39453125e-02  4.99423286e+00 
 4.57031250e-02  1.80000000e+00 -0.00000000e+00 -0.00000000e+00  1.80000000e+00  1.80000000e+00 -0.00000000e+00  1.80000000e+00  0.00000000e+00  0.00000000e+00  1.80000000e+00  1.80000000e+00  0.00000000e+00  4.57031250e-02  4.99423286e+00 
 4.74609375e-02 -0.00000000e+00  1.80000000e+00 -0.00000000e+00  1.80000000e+00  1.80000000e+00 -0.00000000e+00  0.00000000e+00  1.80000000e+00  0.00000000e+00  1.80000000e+00  1.80000000e+00  0.00000000e+00  4.74609375e-02  4.99423287e+00 
 4.92187500e-02  1.80000000e+00  1.80000000e+00 -0.00000000e+00  1.80000000e+00  1.80000000e+00 -0.00000000e+00  1.80000000e+00  1.80000000e+00  0.00000000e+00  1.80000000e+00  1.80000000e+00  0.00000000e+00  4.92187500e-02  4.99423288e+00 
 5.09765625e-02 -0.00000000e+00 -0.00000000e+00  1.80000000e+00  1.80000000e+00  1.80000000e+00 -0.00000000e+00  0.00000000e+00  0.00000000e+00  1.80000000e+00  1.80000000e+00  1.80000000e+00  0.00000000e+00  5.09765625e-02  4.99423288e+00 
 5.27343750e-02  1.80000000e+00 -0.00000000e+00  1.80000000e+00  1.80000000e+00  1.80000000e+00 -0.00000000e+00  1.80000000e+00  0.00000000e+00  1.80000000e+00  1.80000000e+00  1.80000000e+00  0.00000000e+00  5.27343750e-02  4.99423289e+00 
 5.44921875e-02 -0.00000000e+00  1.80000000e+00  1.80000000e+00  1.80000000e+00  1.80000000e+00 -0.00000000e+00  0.00000000e+00  1.80000000e+00  1.80000000e+00  1.80000000e+00  1.80000000e+00  0.00000000e+00  5.44921875e-02  4.99423290e+00 
 5.62500000e-02  1.80000000e+00  1.80000000e+00  1.80000000e+00  1.80000000e+00  1.80000000e+00 -0.00000000e+00  1.80000000e+00  1.80000000e+00  1.80000000e+00  1.80000000e+00  1.80000000e+00  0.00000000e+00  5.62500000e-02  4.99423290e+00 
 5.80078125e-02 -0.00000000e+00 -0.00000000e+00 -0.00000000e+00 -0.00000000e+00 -0.00000000e+00  1.80000000e+00  0.00000000e+00  0.00000000e+00  0.00000000e+00  0.00000000e+00  0.00000000e+00  1.80000000e+00  5.80078125e-02  5.18865052e+00 
 5.97656250e-02  1.80000000e+00 -0.00000000e+00 -0.00000000e+00 -0.00000000e+00 -0.00000000e+00  1.80000000e+00  1.80000000e+00  0.00000000e+00  0.00000000e+00  0.00000000e+00  0.00000000e+00  1.80000000e+00  5.97656250e-02  5.18865053e+00 
 6.15234375e-02 -0.00000000e+00  1.80000000e+00 -0.00000000e+00 -0.00000000e+00 -0.00000000e+00  1.80000000e+00  0.00000000e+00  1.80000000e+00  0.00000000e+00  0.00000000e+00  0.00000000e+00  1.80000000e+00  6.15234375e-02  5.18865053e+00 
 6.32812500e-02  1.80000000e+00  1.80000000e+00 -0.00000000e+00 -0.00000000e+00 -0.00000000e+00  1.80000000e+00  1.80000000e+00  1.80000000e+00  0.00000000e+00  0.00000000e+00  0.00000000e+00  1.80000000e+00  6.32812500e-02  5.18865053e+00 
 6.50390625e-02 -0.00000000e+00 -0.00000000e+00  1.80000000e+00 -0.00000000e+00 -0.00000000e+00  1.80000000e+00  0.00000000e+00  0.00000000e+00  1.80000000e+00  0.00000000e+00  0.00000000e+00  1.80000000e+00  6.50390625e-02  5.18865054e+00 
 6.67968750e-02  1.80000000e+00 -0.00000000e+00  1.80000000e+00 -0.00000000e+00 -0.00000000e+00  1.80000000e+00  1.80000000e+00  0.00000000e+00  1.80000000e+00  0.00000000e+00  0.00000000e+00  1.80000000e+00  6.67968750e-02  5.18865054e+00 
 6.85546875e-02 -0.00000000e+00  1.80000000e+00  1.80000000e+00 -0.00000000e+00 -0.00000000e+00  1.80000000e+00  0.00000000e+00  1.80000000e+00  1.80000000e+00  0.00000000e+00  0.00000000e+00  1.80000000e+00  6.85546875e-02  5.18865054e+00 
 7.03125000e-02  1.80000000e+00  1.80000000e+00  1.80000000e+00 -0.00000000e+00 -0.00000000e+00  1.80000000e+00  1.80000000e+00  1.80000000e+00  1.80000000e+00  0.00000000e+00  0.00000000e+00  1.80000000e+00  7.03125000e-02  5.18865055e+00 
 7.20703125e-02 -0.00000000e+00 -0.00000000e+00 -0.00000000e+00  1.80000000e+00 -0.00000000e+00  1.80000000e+00  0.00000000e+00  0.00000000e+00  0.00000000e+00  1.80000000e+00  0.00000000e+00  1.80000000e+00  7.20703125e-02  5.18865054e+00 
 7.38281250e-02  1.80000000e+00 -0.00000000e+00 -0.00000000e+00  1.80000000e+00 -0.00000000e+00  1.80000000e+00  1.80000000e+00  0.00000000e+00  0.00000000e+00  1.80000000e+00  0.00000000e+00  1.80000000e+00  7.38281250e-02  5.18865054e+00 
 7.55859375e-02 -0.00000000e+00  1.80000000e+00 -0.00000000e+00  1.80000000e+00 -0.00000000e+00  1.80000000e+00  0.00000000e+00  1.80000000e+00  0.00000000e+00  1.80000000e+00  0.00000000e+00  1.80000000e+00  7.55859375e-02  5.18865055e+00 
 7.73437500e-02  1.80000000e+00  1.80000000e+00 -0.00000000e+00  1.80000000e+00 -0.00000000e+00  1.80000000e+00  1.80000000e+00  1.80000000e+00  0.00000000e+00  1.80000000e+00  0.00000000e+00  1.80000000e+00  7.73437500e-02  5.18865055e+00 
 7.91015625e-02 -0.00000000e+00 -0.00000000e+00  1.80000000e+00  1.80000000e+00 -0.00000000e+00  1.80000000e+00  0.00000000e+00  0.00000000e+00  1.80000000e+00  1.80000000e+00  0.00000000e+00  1.80000000e+00  7.91015625e-02  5.18865055e+00 
 8.08593750e-02  1.80000000e+00 -0.00000000e+00  1.80000000e+00  1.80000000e+00 -0.00000000e+00  1.80000000e+00  1.80000000e+00  0.00000000e+00  1.80000000e+00  1.80000000e+00  0.00000000e+00  1.80000000e+00  8.08593750e-02  5.18865056e+00 
 8.26171875e-02 -0.00000000e+00  1.80000000e+00  1.80000000e+00  1.80000000e+00 -0.00000000e+00  1.80000000e+00  0.00000000e+00  1.80000000e+00  1.80000000e+00  1.80000000e+00  0.00000000e+00  1.80000000e+00  8.26171875e-02  5.18865056e+00 
 8.43750000e-02  1.80000000e+00  1.80000000e+00  1.80000000e+00  1.80000000e+00 -0.00000000e+00  1.80000000e+00  1.80000000e+00  1.80000000e+00  1.80000000e+00  1.80000000e+00  0.00000000e+00  1.80000000e+00  8.43750000e-02  5.18865056e+00 
 8.61328125e-02 -0.00000000e+00 -0.00000000e+00 -0.00000000e+00 -0.00000000e+00  1.80000000e+00  1.80000000e+00  0.00000000e+00  0.00000000e+00  0.00000000e+00  0.00000000e+00  1.80000000e+00  1.80000000e+00  8.61328125e-02  5.49998219e+00 
 8.78906250e-02  1.80000000e+00 -0.00000000e+00 -0.00000000e+00 -0.00000000e+00  1.80000000e+00  1.80000000e+00  1.80000000e+00  0.00000000e+00  0.00000000e+00  0.00000000e+00  1.80000000e+00  1.80000000e+00  8.78906250e-02  5.49998004e+00 
 8.96484375e-02 -0.00000000e+00  1.80000000e+00 -0.00000000e+00 -0.00000000e+00  1.80000000e+00  1.80000000e+00  0.00000000e+00  1.80000000e+00  0.00000000e+00  0.00000000e+00  1.80000000e+00  1.80000000e+00  8.96484375e-02  5.49997978e+00 
 9.14062500e-02  1.80000000e+00  1.80000000e+00 -0.00000000e+00 -0.00000000e+00  1.80000000e+00  1.80000000e+00  1.80000000e+00  1.80000000e+00  0.00000000e+00  0.00000000e+00  1.80000000e+00  1.80000000e+00  9.14062500e-02  5.49997748e+00 
 9.31640625e-02 -0.00000000e+00 -0.00000000e+00  1.80000000e+00 -0.00000000e+00  1.80000000e+00  1.80000000e+00  0.00000000e+00  0.00000000e+00  1.80000000e+00  0.00000000e+00  1.80000000e+00  1.80000000e+00  9.31640625e-02  5.49998008e+00 
 9.49218750e-02  1.80000000e+00 -0.00000000e+00  1.80000000e+00 -0.00000000e+00  1.80000000e+00  1.80000000e+00  1.80000000e+00  0.00000000e+00  1.80000000e+00  0.00000000e+00  1.80000000e+00  1.80000000e+00  9.49218750e-02  5.49997778e+00 
 9.66796875e-02 -0.00000000e+00  1.80000000e+00  1.80000000e+00 -0.00000000e+00  1.80000000e+00  1.80000000e+00  0.00000000e+00  1.80000000e+00  1.80000000e+00  0.00000000e+00  1.80000000e+00  1.80000000e+00  9.66796875e-02  5.49997747e+00 
 9.84375000e-02  1.80000000e+00  1.80000000e+00  1.80000000e+00 -0.00000000e+00  1.80000000e+00  1.80000000e+00  1.80000000e+00  1.80000000e+00  1.80000000e+00  0.00000000e+00  1.80000000e+00  1.80000000e+00  9.84375000e-02  5.49997501e+00 
 1.00195312e-01 -0.00000000e+00 -0.00000000e+00 -0.00000000e+00  1.80000000e+00  1.80000000e+00  1.80000000e+00  0.00000000e+00  0.00000000e+00  0.00000000e+00  1.80000000e+00  1.80000000e+00  1.80000000e+00  1.00195312e-01  5.49998059e+00 
 1.01953125e-01  1.80000000e+00 -0.00000000e+00 -0.00000000e+00  1.80000000e+00  1.80000000e+00  1.80000000e+00  1.80000000e+00  0.00000000e+00  0.00000000e+00  1.80000000e+00  1.80000000e+00  1.80000000e+00  1.01953125e-01  5.49997829e+00 
 1.03710937e-01 -0.00000000e+00  1.80000000e+00 -0.00000000e+00  1.80000000e+00  1.80000000e+00  1.80000000e+00  0.00000000e+00  1.80000000e+00  0.00000000e+00  1.80000000e+00  1.80000000e+00  1.80000000e+00  1.03710937e-01  5.49997798e+00 
 1.05468750e-01  1.80000000e+00  1.80000000e+00 -0.00000000e+00  1.80000000e+00  1.80000000e+00  1.80000000e+00  1.80000000e+00  1.80000000e+00  0.00000000e+00  1.80000000e+00  1.80000000e+00  1.80000000e+00  1.05468750e-01  5.49997552e+00 
 1.07226562e-01 -0.00000000e+00 -0.00000000e+00  1.80000000e+00  1.80000000e+00  1.80000000e+00  1.80000000e+00  0.00000000e+00  0.00000000e+00  1.80000000e+00  1.80000000e+00  1.80000000e+00  1.80000000e+00  1.07226562e-01  5.49997825e+00 
 1.08984375e-01  1.80000000e+00 -0.00000000e+00  1.80000000e+00  1.80000000e+00  1.80000000e+00  1.80000000e+00  1.80000000e+00  0.00000000e+00  1.80000000e+00  1.80000000e+00  1.80000000e+00  1.80000000e+00  1.08984375e-01  5.49997580e+00 
 1.10742187e-01 -0.00000000e+00  1.80000000e+00  1.80000000e+00  1.80000000e+00  1.80000000e+00  1.80000000e+00  0.00000000e+00  1.80000000e+00  1.80000000e+00  1.80000000e+00  1.80000000e+00  1.80000000e+00  1.10742187e-01  5.49997543e+00 
 1.12500000e-01  1.80000000e+00  1.80000000e+00  1.80000000e+00  1.80000000e+00  1.80000000e+00  1.80000000e+00  1.80000000e+00  1.80000000e+00  1.80000000e+00  1.80000000e+00  1.80000000e+00  1.80000000e+00  1.12500000e-01  5.49997282e+00 
