 v-sweep       voutval       vloadval      ir1           ir2           ivdd          ivdda         ivddh         ndata         vd9           vd8           vd7           vd6           vd5           vd4           vd3           vd2           vd1           vd0          
 0.000000e+00  2.743447e+00  2.743447e+00  7.162645e-06  2.850587e-05  7.734915e-02  1.538182e-01  1.854523e-01  0.000000e+00  0.000000e+00  0.000000e+00  0.000000e+00  0.000000e+00  0.000000e+00  0.000000e+00  0.000000e+00  0.000000e+00  0.000000e+00  0.000000e+00 
 0.000000e+00  2.743447e+00  2.743447e+00  7.162645e-06  2.850587e-05  7.734915e-02  1.538182e-01  1.854523e-01  1.000000e+00  0.000000e+00  0.000000e+00  0.000000e+00  0.000000e+00  0.000000e+00  0.000000e+00  0.000000e+00  0.000000e+00  0.000000e+00  0.000000e+00 
 0.000000e+00  2.743447e+00  2.743447e+00  7.162645e-06  2.850587e-05  7.734915e-02  1.538182e-01  1.854523e-01  2.000000e+00  0.000000e+00  0.000000e+00  0.000000e+00  0.000000e+00  0.000000e+00  0.000000e+00  0.000000e+00  0.000000e+00  0.000000e+00  0.000000e+00 
 0.000000e+00  2.743447e+00  2.743447e+00  7.162645e-06  2.850587e-05  7.734915e-02  1.538182e-01  1.854523e-01  3.000000e+00  0.000000e+00  0.000000e+00  0.000000e+00  0.000000e+00  0.000000e+00  0.000000e+00  0.000000e+00  0.000000e+00  0.000000e+00  0.000000e+00 
 0.000000e+00  2.743447e+00  2.743447e+00  7.162645e-06  2.850587e-05  7.734915e-02  1.538182e-01  1.854523e-01  4.000000e+00  0.000000e+00  0.000000e+00  0.000000e+00  0.000000e+00  0.000000e+00  0.000000e+00  0.000000e+00  0.000000e+00  0.000000e+00  0.000000e+00 
 0.000000e+00  2.743447e+00  2.743447e+00  7.162645e-06  2.850587e-05  7.734915e-02  1.538182e-01  1.854523e-01  5.000000e+00  0.000000e+00  0.000000e+00  0.000000e+00  0.000000e+00  0.000000e+00  0.000000e+00  0.000000e+00  0.000000e+00  0.000000e+00  0.000000e+00 
 0.000000e+00  2.743447e+00  2.743447e+00  7.162645e-06  2.850587e-05  7.734915e-02  1.538182e-01  1.854523e-01  6.000000e+00  0.000000e+00  0.000000e+00  0.000000e+00  0.000000e+00  0.000000e+00  0.000000e+00  0.000000e+00  0.000000e+00  0.000000e+00  0.000000e+00 
 0.000000e+00  2.743447e+00  2.743447e+00  7.162645e-06  2.850587e-05  7.734915e-02  1.538182e-01  1.854523e-01  7.000000e+00  0.000000e+00  0.000000e+00  0.000000e+00  0.000000e+00  0.000000e+00  0.000000e+00  0.000000e+00  0.000000e+00  0.000000e+00  0.000000e+00 
 0.000000e+00  2.743447e+00  2.743447e+00  7.162645e-06  2.850587e-05  7.734915e-02  1.538182e-01  1.854523e-01  8.000000e+00  0.000000e+00  0.000000e+00  0.000000e+00  0.000000e+00  0.000000e+00  0.000000e+00  0.000000e+00  0.000000e+00  0.000000e+00  0.000000e+00 
 0.000000e+00  2.743447e+00  2.743447e+00  7.162645e-06  2.850587e-05  7.734915e-02  1.538182e-01  1.854523e-01  9.000000e+00  0.000000e+00  0.000000e+00  0.000000e+00  0.000000e+00  0.000000e+00  0.000000e+00  0.000000e+00  0.000000e+00  0.000000e+00  0.000000e+00 
 0.000000e+00  2.743447e+00  2.743447e+00  7.162645e-06  2.850587e-05  7.734915e-02  1.538182e-01  1.854523e-01  1.000000e+01  0.000000e+00  0.000000e+00  0.000000e+00  0.000000e+00  0.000000e+00  0.000000e+00  0.000000e+00  0.000000e+00  0.000000e+00  0.000000e+00 
 0.000000e+00  2.743447e+00  2.743447e+00  7.162645e-06  2.850587e-05  7.734915e-02  1.538182e-01  1.854523e-01  1.100000e+01  0.000000e+00  0.000000e+00  0.000000e+00  0.000000e+00  0.000000e+00  0.000000e+00  0.000000e+00  0.000000e+00  0.000000e+00  0.000000e+00 
 0.000000e+00  2.743447e+00  2.743447e+00  7.162645e-06  2.850587e-05  7.734915e-02  1.538182e-01  1.854523e-01  1.200000e+01  0.000000e+00  0.000000e+00  0.000000e+00  0.000000e+00  0.000000e+00  0.000000e+00  0.000000e+00  0.000000e+00  0.000000e+00  0.000000e+00 
 0.000000e+00  2.743447e+00  2.743447e+00  7.162645e-06  2.850587e-05  7.734915e-02  1.538182e-01  1.854523e-01  1.300000e+01  0.000000e+00  0.000000e+00  0.000000e+00  0.000000e+00  0.000000e+00  0.000000e+00  0.000000e+00  0.000000e+00  0.000000e+00  0.000000e+00 
 0.000000e+00  2.743447e+00  2.743447e+00  7.162645e-06  2.850587e-05  7.734915e-02  1.538182e-01  1.854523e-01  1.400000e+01  0.000000e+00  0.000000e+00  0.000000e+00  0.000000e+00  0.000000e+00  0.000000e+00  0.000000e+00  0.000000e+00  0.000000e+00  0.000000e+00 
 0.000000e+00  2.743447e+00  2.743447e+00  7.162645e-06  2.850587e-05  7.734915e-02  1.538182e-01  1.854523e-01  1.500000e+01  0.000000e+00  0.000000e+00  0.000000e+00  0.000000e+00  0.000000e+00  0.000000e+00  0.000000e+00  0.000000e+00  0.000000e+00  0.000000e+00 
 0.000000e+00  2.743447e+00  2.743447e+00  7.162645e-06  2.850587e-05  7.734915e-02  1.538182e-01  1.854523e-01  1.600000e+01  0.000000e+00  0.000000e+00  0.000000e+00  0.000000e+00  0.000000e+00  0.000000e+00  0.000000e+00  0.000000e+00  0.000000e+00  0.000000e+00 
 0.000000e+00  2.743447e+00  2.743447e+00  7.162645e-06  2.850587e-05  7.734915e-02  1.538182e-01  1.854523e-01  1.700000e+01  0.000000e+00  0.000000e+00  0.000000e+00  0.000000e+00  0.000000e+00  0.000000e+00  0.000000e+00  0.000000e+00  0.000000e+00  0.000000e+00 
 0.000000e+00  2.743447e+00  2.743447e+00  7.162645e-06  2.850587e-05  7.734915e-02  1.538182e-01  1.854523e-01  1.800000e+01  0.000000e+00  0.000000e+00  0.000000e+00  0.000000e+00  0.000000e+00  0.000000e+00  0.000000e+00  0.000000e+00  0.000000e+00  0.000000e+00 
 0.000000e+00  2.743447e+00  2.743447e+00  7.162645e-06  2.850587e-05  7.734915e-02  1.538182e-01  1.854523e-01  1.900000e+01  0.000000e+00  0.000000e+00  0.000000e+00  0.000000e+00  0.000000e+00  0.000000e+00  0.000000e+00  0.000000e+00  0.000000e+00  0.000000e+00 
 0.000000e+00  2.743447e+00  2.743447e+00  7.162645e-06  2.850587e-05  7.734915e-02  1.538182e-01  1.854523e-01  2.000000e+01  0.000000e+00  0.000000e+00  0.000000e+00  0.000000e+00  0.000000e+00  0.000000e+00  0.000000e+00  0.000000e+00  0.000000e+00  0.000000e+00 
 0.000000e+00  2.743447e+00  2.743447e+00  7.162645e-06  2.850587e-05  7.734915e-02  1.538182e-01  1.854523e-01  2.100000e+01  0.000000e+00  0.000000e+00  0.000000e+00  0.000000e+00  0.000000e+00  0.000000e+00  0.000000e+00  0.000000e+00  0.000000e+00  0.000000e+00 
 0.000000e+00  2.743447e+00  2.743447e+00  7.162645e-06  2.850587e-05  7.734915e-02  1.538182e-01  1.854523e-01  2.200000e+01  0.000000e+00  0.000000e+00  0.000000e+00  0.000000e+00  0.000000e+00  0.000000e+00  0.000000e+00  0.000000e+00  0.000000e+00  0.000000e+00 
 0.000000e+00  2.743447e+00  2.743447e+00  7.162645e-06  2.850587e-05  7.734915e-02  1.538182e-01  1.854523e-01  2.300000e+01  0.000000e+00  0.000000e+00  0.000000e+00  0.000000e+00  0.000000e+00  0.000000e+00  0.000000e+00  0.000000e+00  0.000000e+00  0.000000e+00 
 0.000000e+00  2.743447e+00  2.743447e+00  7.162645e-06  2.850587e-05  7.734915e-02  1.538182e-01  1.854523e-01  2.400000e+01  0.000000e+00  0.000000e+00  0.000000e+00  0.000000e+00  0.000000e+00  0.000000e+00  0.000000e+00  0.000000e+00  0.000000e+00  0.000000e+00 
 0.000000e+00  2.743447e+00  2.743447e+00  7.162645e-06  2.850587e-05  7.734915e-02  1.538182e-01  1.854523e-01  2.500000e+01  0.000000e+00  0.000000e+00  0.000000e+00  0.000000e+00  0.000000e+00  0.000000e+00  0.000000e+00  0.000000e+00  0.000000e+00  0.000000e+00 
 0.000000e+00  2.743447e+00  2.743447e+00  7.162645e-06  2.850587e-05  7.734915e-02  1.538182e-01  1.854523e-01  2.600000e+01  0.000000e+00  0.000000e+00  0.000000e+00  0.000000e+00  0.000000e+00  0.000000e+00  0.000000e+00  0.000000e+00  0.000000e+00  0.000000e+00 
 0.000000e+00  2.743447e+00  2.743447e+00  7.162645e-06  2.850587e-05  7.734915e-02  1.538182e-01  1.854523e-01  2.700000e+01  0.000000e+00  0.000000e+00  0.000000e+00  0.000000e+00  0.000000e+00  0.000000e+00  0.000000e+00  0.000000e+00  0.000000e+00  0.000000e+00 
 0.000000e+00  2.743447e+00  2.743447e+00  7.162645e-06  2.850587e-05  7.734915e-02  1.538182e-01  1.854523e-01  2.800000e+01  0.000000e+00  0.000000e+00  0.000000e+00  0.000000e+00  0.000000e+00  0.000000e+00  0.000000e+00  0.000000e+00  0.000000e+00  0.000000e+00 
 0.000000e+00  2.743447e+00  2.743447e+00  7.162645e-06  2.850587e-05  7.734915e-02  1.538182e-01  1.854523e-01  2.900000e+01  0.000000e+00  0.000000e+00  0.000000e+00  0.000000e+00  0.000000e+00  0.000000e+00  0.000000e+00  0.000000e+00  0.000000e+00  0.000000e+00 
 0.000000e+00  2.743447e+00  2.743447e+00  7.162645e-06  2.850587e-05  7.734915e-02  1.538182e-01  1.854523e-01  3.000000e+01  0.000000e+00  0.000000e+00  0.000000e+00  0.000000e+00  0.000000e+00  0.000000e+00  0.000000e+00  0.000000e+00  0.000000e+00  0.000000e+00 
 0.000000e+00  2.743447e+00  2.743447e+00  7.162645e-06  2.850587e-05  7.734915e-02  1.538182e-01  1.854523e-01  3.100000e+01  0.000000e+00  0.000000e+00  0.000000e+00  0.000000e+00  0.000000e+00  0.000000e+00  0.000000e+00  0.000000e+00  0.000000e+00  0.000000e+00 
 0.000000e+00  2.743447e+00  2.743447e+00  7.162645e-06  2.850587e-05  7.734915e-02  1.538182e-01  1.854523e-01  3.200000e+01  0.000000e+00  0.000000e+00  0.000000e+00  0.000000e+00  0.000000e+00  0.000000e+00  0.000000e+00  0.000000e+00  0.000000e+00  0.000000e+00 
 0.000000e+00  2.743447e+00  2.743447e+00  7.162645e-06  2.850587e-05  7.734915e-02  1.538182e-01  1.854523e-01  3.300000e+01  0.000000e+00  0.000000e+00  0.000000e+00  0.000000e+00  0.000000e+00  0.000000e+00  0.000000e+00  0.000000e+00  0.000000e+00  0.000000e+00 
 0.000000e+00  2.743447e+00  2.743447e+00  7.162645e-06  2.850587e-05  7.734915e-02  1.538182e-01  1.854523e-01  3.400000e+01  0.000000e+00  0.000000e+00  0.000000e+00  0.000000e+00  0.000000e+00  0.000000e+00  0.000000e+00  0.000000e+00  0.000000e+00  0.000000e+00 
 0.000000e+00  2.743447e+00  2.743447e+00  7.162645e-06  2.850587e-05  7.734915e-02  1.538182e-01  1.854523e-01  3.500000e+01  0.000000e+00  0.000000e+00  0.000000e+00  0.000000e+00  0.000000e+00  0.000000e+00  0.000000e+00  0.000000e+00  0.000000e+00  0.000000e+00 
 0.000000e+00  2.743447e+00  2.743447e+00  7.162645e-06  2.850587e-05  7.734915e-02  1.538182e-01  1.854523e-01  3.600000e+01  0.000000e+00  0.000000e+00  0.000000e+00  0.000000e+00  0.000000e+00  0.000000e+00  0.000000e+00  0.000000e+00  0.000000e+00  0.000000e+00 
 0.000000e+00  2.743447e+00  2.743447e+00  7.162645e-06  2.850587e-05  7.734915e-02  1.538182e-01  1.854523e-01  3.700000e+01  0.000000e+00  0.000000e+00  0.000000e+00  0.000000e+00  0.000000e+00  0.000000e+00  0.000000e+00  0.000000e+00  0.000000e+00  0.000000e+00 
 0.000000e+00  2.743447e+00  2.743447e+00  7.162645e-06  2.850587e-05  7.734915e-02  1.538182e-01  1.854523e-01  3.800000e+01  0.000000e+00  0.000000e+00  0.000000e+00  0.000000e+00  0.000000e+00  0.000000e+00  0.000000e+00  0.000000e+00  0.000000e+00  0.000000e+00 
 0.000000e+00  2.743447e+00  2.743447e+00  7.162645e-06  2.850587e-05  7.734915e-02  1.538182e-01  1.854523e-01  3.900000e+01  0.000000e+00  0.000000e+00  0.000000e+00  0.000000e+00  0.000000e+00  0.000000e+00  0.000000e+00  0.000000e+00  0.000000e+00  0.000000e+00 
 0.000000e+00  2.743447e+00  2.743447e+00  7.162645e-06  2.850587e-05  7.734915e-02  1.538182e-01  1.854523e-01  4.000000e+01  0.000000e+00  0.000000e+00  0.000000e+00  0.000000e+00  0.000000e+00  0.000000e+00  0.000000e+00  0.000000e+00  0.000000e+00  0.000000e+00 
 0.000000e+00  2.743447e+00  2.743447e+00  7.162645e-06  2.850587e-05  7.734915e-02  1.538182e-01  1.854523e-01  4.100000e+01  0.000000e+00  0.000000e+00  0.000000e+00  0.000000e+00  0.000000e+00  0.000000e+00  0.000000e+00  0.000000e+00  0.000000e+00  0.000000e+00 
 0.000000e+00  2.743447e+00  2.743447e+00  7.162645e-06  2.850587e-05  7.734915e-02  1.538182e-01  1.854523e-01  4.200000e+01  0.000000e+00  0.000000e+00  0.000000e+00  0.000000e+00  0.000000e+00  0.000000e+00  0.000000e+00  0.000000e+00  0.000000e+00  0.000000e+00 
 0.000000e+00  2.743447e+00  2.743447e+00  7.162645e-06  2.850587e-05  7.734915e-02  1.538182e-01  1.854523e-01  4.300000e+01  0.000000e+00  0.000000e+00  0.000000e+00  0.000000e+00  0.000000e+00  0.000000e+00  0.000000e+00  0.000000e+00  0.000000e+00  0.000000e+00 
 0.000000e+00  2.743447e+00  2.743447e+00  7.162645e-06  2.850587e-05  7.734915e-02  1.538182e-01  1.854523e-01  4.400000e+01  0.000000e+00  0.000000e+00  0.000000e+00  0.000000e+00  0.000000e+00  0.000000e+00  0.000000e+00  0.000000e+00  0.000000e+00  0.000000e+00 
 0.000000e+00  2.743447e+00  2.743447e+00  7.162645e-06  2.850587e-05  7.734915e-02  1.538182e-01  1.854523e-01  4.500000e+01  0.000000e+00  0.000000e+00  0.000000e+00  0.000000e+00  0.000000e+00  0.000000e+00  0.000000e+00  0.000000e+00  0.000000e+00  0.000000e+00 
 0.000000e+00  2.743447e+00  2.743447e+00  7.162645e-06  2.850587e-05  7.734915e-02  1.538182e-01  1.854523e-01  4.600000e+01  0.000000e+00  0.000000e+00  0.000000e+00  0.000000e+00  0.000000e+00  0.000000e+00  0.000000e+00  0.000000e+00  0.000000e+00  0.000000e+00 
 0.000000e+00  2.743447e+00  2.743447e+00  7.162645e-06  2.850587e-05  7.734915e-02  1.538182e-01  1.854523e-01  4.700000e+01  0.000000e+00  0.000000e+00  0.000000e+00  0.000000e+00  0.000000e+00  0.000000e+00  0.000000e+00  0.000000e+00  0.000000e+00  0.000000e+00 
 0.000000e+00  2.743447e+00  2.743447e+00  7.162645e-06  2.850587e-05  7.734915e-02  1.538182e-01  1.854523e-01  4.800000e+01  0.000000e+00  0.000000e+00  0.000000e+00  0.000000e+00  0.000000e+00  0.000000e+00  0.000000e+00  0.000000e+00  0.000000e+00  0.000000e+00 
 0.000000e+00  2.743447e+00  2.743447e+00  7.162645e-06  2.850587e-05  7.734915e-02  1.538182e-01  1.854523e-01  4.900000e+01  0.000000e+00  0.000000e+00  0.000000e+00  0.000000e+00  0.000000e+00  0.000000e+00  0.000000e+00  0.000000e+00  0.000000e+00  0.000000e+00 
 0.000000e+00  2.743447e+00  2.743447e+00  7.162645e-06  2.850587e-05  7.734915e-02  1.538182e-01  1.854523e-01  5.000000e+01  0.000000e+00  0.000000e+00  0.000000e+00  0.000000e+00  0.000000e+00  0.000000e+00  0.000000e+00  0.000000e+00  0.000000e+00  0.000000e+00 
 0.000000e+00  2.743447e+00  2.743447e+00  7.162645e-06  2.850587e-05  7.734915e-02  1.538182e-01  1.854523e-01  5.100000e+01  0.000000e+00  0.000000e+00  0.000000e+00  0.000000e+00  0.000000e+00  0.000000e+00  0.000000e+00  0.000000e+00  0.000000e+00  0.000000e+00 
 0.000000e+00  2.743447e+00  2.743447e+00  7.162645e-06  2.850587e-05  7.734915e-02  1.538182e-01  1.854523e-01  5.200000e+01  0.000000e+00  0.000000e+00  0.000000e+00  0.000000e+00  0.000000e+00  0.000000e+00  0.000000e+00  0.000000e+00  0.000000e+00  0.000000e+00 
 0.000000e+00  2.743447e+00  2.743447e+00  7.162645e-06  2.850587e-05  7.734915e-02  1.538182e-01  1.854523e-01  5.300000e+01  0.000000e+00  0.000000e+00  0.000000e+00  0.000000e+00  0.000000e+00  0.000000e+00  0.000000e+00  0.000000e+00  0.000000e+00  0.000000e+00 
 0.000000e+00  2.743447e+00  2.743447e+00  7.162645e-06  2.850587e-05  7.734915e-02  1.538182e-01  1.854523e-01  5.400000e+01  0.000000e+00  0.000000e+00  0.000000e+00  0.000000e+00  0.000000e+00  0.000000e+00  0.000000e+00  0.000000e+00  0.000000e+00  0.000000e+00 
 0.000000e+00  2.743447e+00  2.743447e+00  7.162645e-06  2.850587e-05  7.734915e-02  1.538182e-01  1.854523e-01  5.500000e+01  0.000000e+00  0.000000e+00  0.000000e+00  0.000000e+00  0.000000e+00  0.000000e+00  0.000000e+00  0.000000e+00  0.000000e+00  0.000000e+00 
 0.000000e+00  2.743447e+00  2.743447e+00  7.162645e-06  2.850587e-05  7.734915e-02  1.538182e-01  1.854523e-01  5.600000e+01  0.000000e+00  0.000000e+00  0.000000e+00  0.000000e+00  0.000000e+00  0.000000e+00  0.000000e+00  0.000000e+00  0.000000e+00  0.000000e+00 
 0.000000e+00  2.743447e+00  2.743447e+00  7.162645e-06  2.850587e-05  7.734915e-02  1.538182e-01  1.854523e-01  5.700000e+01  0.000000e+00  0.000000e+00  0.000000e+00  0.000000e+00  0.000000e+00  0.000000e+00  0.000000e+00  0.000000e+00  0.000000e+00  0.000000e+00 
 0.000000e+00  2.743447e+00  2.743447e+00  7.162645e-06  2.850587e-05  7.734915e-02  1.538182e-01  1.854523e-01  5.800000e+01  0.000000e+00  0.000000e+00  0.000000e+00  0.000000e+00  0.000000e+00  0.000000e+00  0.000000e+00  0.000000e+00  0.000000e+00  0.000000e+00 
 0.000000e+00  2.743447e+00  2.743447e+00  7.162645e-06  2.850587e-05  7.734915e-02  1.538182e-01  1.854523e-01  5.900000e+01  0.000000e+00  0.000000e+00  0.000000e+00  0.000000e+00  0.000000e+00  0.000000e+00  0.000000e+00  0.000000e+00  0.000000e+00  0.000000e+00 
 0.000000e+00  2.743447e+00  2.743447e+00  7.162645e-06  2.850587e-05  7.734915e-02  1.538182e-01  1.854523e-01  6.000000e+01  0.000000e+00  0.000000e+00  0.000000e+00  0.000000e+00  0.000000e+00  0.000000e+00  0.000000e+00  0.000000e+00  0.000000e+00  0.000000e+00 
 0.000000e+00  2.743447e+00  2.743447e+00  7.162645e-06  2.850587e-05  7.734915e-02  1.538182e-01  1.854523e-01  6.100000e+01  0.000000e+00  0.000000e+00  0.000000e+00  0.000000e+00  0.000000e+00  0.000000e+00  0.000000e+00  0.000000e+00  0.000000e+00  0.000000e+00 
 0.000000e+00  2.743447e+00  2.743447e+00  7.162645e-06  2.850587e-05  7.734915e-02  1.538182e-01  1.854523e-01  6.200000e+01  0.000000e+00  0.000000e+00  0.000000e+00  0.000000e+00  0.000000e+00  0.000000e+00  0.000000e+00  0.000000e+00  0.000000e+00  0.000000e+00 
 0.000000e+00  2.743447e+00  2.743447e+00  7.162645e-06  2.850587e-05  7.734915e-02  1.538182e-01  1.854523e-01  6.300000e+01  0.000000e+00  0.000000e+00  0.000000e+00  0.000000e+00  0.000000e+00  0.000000e+00  0.000000e+00  0.000000e+00  0.000000e+00  0.000000e+00 
 0.000000e+00  2.743447e+00  2.743447e+00  7.162645e-06  2.850587e-05  7.734915e-02  1.538182e-01  1.854523e-01  6.400000e+01  0.000000e+00  0.000000e+00  0.000000e+00  0.000000e+00  0.000000e+00  0.000000e+00  0.000000e+00  0.000000e+00  0.000000e+00  0.000000e+00 
 0.000000e+00  2.743447e+00  2.743447e+00  7.162645e-06  2.850587e-05  7.734915e-02  1.538182e-01  1.854523e-01  6.500000e+01  0.000000e+00  0.000000e+00  0.000000e+00  0.000000e+00  0.000000e+00  0.000000e+00  0.000000e+00  0.000000e+00  0.000000e+00  0.000000e+00 
 0.000000e+00  2.743447e+00  2.743447e+00  7.162645e-06  2.850587e-05  7.734915e-02  1.538182e-01  1.854523e-01  6.600000e+01  0.000000e+00  0.000000e+00  0.000000e+00  0.000000e+00  0.000000e+00  0.000000e+00  0.000000e+00  0.000000e+00  0.000000e+00  0.000000e+00 
 0.000000e+00  2.743447e+00  2.743447e+00  7.162645e-06  2.850587e-05  7.734915e-02  1.538182e-01  1.854523e-01  6.700000e+01  0.000000e+00  0.000000e+00  0.000000e+00  0.000000e+00  0.000000e+00  0.000000e+00  0.000000e+00  0.000000e+00  0.000000e+00  0.000000e+00 
 0.000000e+00  2.743447e+00  2.743447e+00  7.162645e-06  2.850587e-05  7.734915e-02  1.538182e-01  1.854523e-01  6.800000e+01  0.000000e+00  0.000000e+00  0.000000e+00  0.000000e+00  0.000000e+00  0.000000e+00  0.000000e+00  0.000000e+00  0.000000e+00  0.000000e+00 
 0.000000e+00  2.743447e+00  2.743447e+00  7.162645e-06  2.850587e-05  7.734915e-02  1.538182e-01  1.854523e-01  6.900000e+01  0.000000e+00  0.000000e+00  0.000000e+00  0.000000e+00  0.000000e+00  0.000000e+00  0.000000e+00  0.000000e+00  0.000000e+00  0.000000e+00 
 0.000000e+00  2.743447e+00  2.743447e+00  7.162645e-06  2.850587e-05  7.734915e-02  1.538182e-01  1.854523e-01  7.000000e+01  0.000000e+00  0.000000e+00  0.000000e+00  0.000000e+00  0.000000e+00  0.000000e+00  0.000000e+00  0.000000e+00  0.000000e+00  0.000000e+00 
 0.000000e+00  2.743447e+00  2.743447e+00  7.162645e-06  2.850587e-05  7.734915e-02  1.538182e-01  1.854523e-01  7.100000e+01  0.000000e+00  0.000000e+00  0.000000e+00  0.000000e+00  0.000000e+00  0.000000e+00  0.000000e+00  0.000000e+00  0.000000e+00  0.000000e+00 
 0.000000e+00  2.743447e+00  2.743447e+00  7.162645e-06  2.850587e-05  7.734915e-02  1.538182e-01  1.854523e-01  7.200000e+01  0.000000e+00  0.000000e+00  0.000000e+00  0.000000e+00  0.000000e+00  0.000000e+00  0.000000e+00  0.000000e+00  0.000000e+00  0.000000e+00 
 0.000000e+00  2.743447e+00  2.743447e+00  7.162645e-06  2.850587e-05  7.734915e-02  1.538182e-01  1.854523e-01  7.300000e+01  0.000000e+00  0.000000e+00  0.000000e+00  0.000000e+00  0.000000e+00  0.000000e+00  0.000000e+00  0.000000e+00  0.000000e+00  0.000000e+00 
